Path1
1
[0, 20.0, 0.0, -500.0]
[[ 0.76040597  0.         -0.64944805]
 [ 0.          1.          0.        ]
 [ 0.64944805  0.          0.76040597]]
2
[0, 40.0, 0.0, -500.0]
[[ 0.80901699  0.         -0.58778525]
 [ 0.          1.          0.        ]
 [ 0.58778525  0.          0.80901699]]
3
[0, 60.0, 0.0, -500.0]
[[ 0.85264016  0.         -0.52249856]
 [ 0.          1.          0.        ]
 [ 0.52249856  0.          0.85264016]]
4
[0, 80.0, 0.0, -500.0]
[[ 0.89100652  0.         -0.4539905 ]
 [ 0.          1.          0.        ]
 [ 0.4539905   0.          0.89100652]]
5
[0, 100.0, 0.0, -500.0]
[[ 0.92387953  0.         -0.38268343]
 [ 0.          1.          0.        ]
 [ 0.38268343  0.          0.92387953]]
6
[0, 120.0, 0.0, -500.0]
[[ 0.95105652  0.         -0.30901699]
 [ 0.          1.          0.        ]
 [ 0.30901699  0.          0.95105652]]
7
[0, 140.0, 0.0, -500.0]
[[ 0.97236992  0.         -0.23344536]
 [ 0.          1.          0.        ]
 [ 0.23344536  0.          0.97236992]]
8
[0, 160.0, 0.0, -500.0]
[[ 0.98768834  0.         -0.15643447]
 [ 0.          1.          0.        ]
 [ 0.15643447  0.          0.98768834]]
9
[0, 180.0, 0.0, -500.0]
[[ 0.99691733  0.         -0.0784591 ]
 [ 0.          1.          0.        ]
 [ 0.0784591   0.          0.99691733]]
10
[0, 200.0, 0.0, -500.0]
[[  1.00000000e+00   0.00000000e+00   0.00000000e+00]
 [  0.00000000e+00   1.00000000e+00   0.00000000e+00]
 [  6.12323400e-17   0.00000000e+00   1.00000000e+00]]
11
[0, 220.00000000000003, 0.0, -500.0]
[[ 0.99691733  0.          0.0784591 ]
 [ 0.          1.          0.        ]
 [-0.0784591   0.          0.99691733]]
12
[0, 240.0, 0.0, -500.0]
[[ 0.98768834  0.          0.15643447]
 [ 0.          1.          0.        ]
 [-0.15643447  0.          0.98768834]]
13
[0, 260.0, 0.0, -500.0]
[[ 0.97236992  0.          0.23344536]
 [ 0.          1.          0.        ]
 [-0.23344536  0.          0.97236992]]
14
[0, 280.0, 0.0, -500.0]
[[ 0.95105652  0.          0.30901699]
 [ 0.          1.          0.        ]
 [-0.30901699  0.          0.95105652]]
15
[0, 300.0, 0.0, -500.0]
[[ 0.92387953  0.          0.38268343]
 [ 0.          1.          0.        ]
 [-0.38268343  0.          0.92387953]]
16
[0, 320.0, 0.0, -500.0]
[[ 0.89100652  0.          0.4539905 ]
 [ 0.          1.          0.        ]
 [-0.4539905   0.          0.89100652]]
17
[0, 340.0, 0.0, -500.0]
[[ 0.85264016  0.          0.52249856]
 [ 0.          1.          0.        ]
 [-0.52249856  0.          0.85264016]]
18
[0, 360.0, 0.0, -500.0]
[[ 0.80901699  0.          0.58778525]
 [ 0.          1.          0.        ]
 [-0.58778525  0.          0.80901699]]
19
[0, 380.0, 0.0, -500.0]
[[ 0.76040597  0.          0.64944805]
 [ 0.          1.          0.        ]
 [-0.64944805  0.          0.76040597]]
20
[0, 400.0, 0.0, -500.0]
[[ 0.70710678  0.          0.70710678]
 [ 0.          1.          0.        ]
 [-0.70710678  0.          0.70710678]]
21
[0, 420.0, 0.0, -500.0]
[[ 0.64944805  0.          0.76040597]
 [ 0.          1.          0.        ]
 [-0.76040597  0.          0.64944805]]
22
[0, 440.00000000000006, 0.0, -500.0]
[[ 0.58778525  0.          0.80901699]
 [ 0.          1.          0.        ]
 [-0.80901699  0.          0.58778525]]
23
[0, 459.99999999999994, 0.0, -500.0]
[[ 0.52249856  0.          0.85264016]
 [ 0.          1.          0.        ]
 [-0.85264016  0.          0.52249856]]
24
[0, 480.0, 0.0, -500.0]
[[ 0.4539905   0.          0.89100652]
 [ 0.          1.          0.        ]
 [-0.89100652  0.          0.4539905 ]]
25
[0, 500.0, 0.0, -500.0]
[[ 0.38268343  0.          0.92387953]
 [ 0.          1.          0.        ]
 [-0.92387953  0.          0.38268343]]
26
[0, 520.0, 0.0, -500.0]
[[ 0.30901699  0.          0.95105652]
 [ 0.          1.          0.        ]
 [-0.95105652  0.          0.30901699]]
27
[0, 540.0, 0.0, -500.0]
[[ 0.23344536  0.          0.97236992]
 [ 0.          1.          0.        ]
 [-0.97236992  0.          0.23344536]]
28
[0, 560.0, 0.0, -500.0]
[[ 0.15643447  0.          0.98768834]
 [ 0.          1.          0.        ]
 [-0.98768834  0.          0.15643447]]
29
[0, 580.0, 0.0, -500.0]
[[ 0.0784591   0.          0.99691733]
 [ 0.          1.          0.        ]
 [-0.99691733  0.          0.0784591 ]]
30
[0, 600.0, 0.0, -500.0]
[[  6.12323400e-17   0.00000000e+00   1.00000000e+00]
 [  0.00000000e+00   1.00000000e+00   0.00000000e+00]
 [ -1.00000000e+00   0.00000000e+00   1.22464680e-16]]
31
[0, 620.0, 0.0, -500.0]
[[-0.0784591   0.          0.99691733]
 [ 0.          1.          0.        ]
 [-0.99691733  0.         -0.0784591 ]]
32
[0, 640.0, 0.0, -500.0]
[[-0.15643447  0.          0.98768834]
 [ 0.          1.          0.        ]
 [-0.98768834  0.         -0.15643447]]
33
[0, 660.0, 0.0, -500.0]
[[-0.23344536  0.          0.97236992]
 [ 0.          1.          0.        ]
 [-0.97236992  0.         -0.23344536]]
34
[0, 680.0, 0.0, -500.0]
[[-0.30901699  0.          0.95105652]
 [ 0.          1.          0.        ]
 [-0.95105652  0.         -0.30901699]]
35
[0, 700.0, 0.0, -500.0]
[[-0.38268343  0.          0.92387953]
 [ 0.          1.          0.        ]
 [-0.92387953  0.         -0.38268343]]
36
[0, 720.0, 0.0, -500.0]
[[-0.4539905   0.          0.89100652]
 [ 0.          1.          0.        ]
 [-0.89100652  0.         -0.4539905 ]]
37
[0, 740.0, 0.0, -500.0]
[[-0.52249856  0.          0.85264016]
 [ 0.          1.          0.        ]
 [-0.85264016  0.         -0.52249856]]
38
[0, 760.0, 0.0, -500.0]
[[-0.58778525  0.          0.80901699]
 [ 0.          1.          0.        ]
 [-0.80901699  0.         -0.58778525]]
39
[0, 780.0, 0.0, -500.0]
[[-0.64944805  0.          0.76040597]
 [ 0.          1.          0.        ]
 [-0.76040597  0.         -0.64944805]]
40
[0, 800.0, 0.0, -500.0]
[[-0.70710678  0.          0.70710678]
 [ 0.          1.          0.        ]
 [-0.70710678  0.         -0.70710678]]
41
[0, 819.9999999999999, 0.0, -500.0]
[[-0.76040597  0.          0.64944805]
 [ 0.          1.          0.        ]
 [-0.64944805  0.         -0.76040597]]
42
[0, 840.0, 0.0, -500.0]
[[-0.80901699  0.          0.58778525]
 [ 0.          1.          0.        ]
 [-0.58778525  0.         -0.80901699]]
43
[0, 860.0, 0.0, -500.0]
[[-0.85264016  0.          0.52249856]
 [ 0.          1.          0.        ]
 [-0.52249856  0.         -0.85264016]]
44
[0, 880.0000000000001, 0.0, -500.0]
[[-0.89100652  0.          0.4539905 ]
 [ 0.          1.          0.        ]
 [-0.4539905   0.         -0.89100652]]
45
[0, 900.0, 0.0, -500.0]
[[-0.92387953  0.          0.38268343]
 [ 0.          1.          0.        ]
 [-0.38268343  0.         -0.92387953]]
46
[0, 919.9999999999999, 0.0, -500.0]
[[-0.95105652  0.          0.30901699]
 [ 0.          1.          0.        ]
 [-0.30901699  0.         -0.95105652]]
47
[0, 940.0, 0.0, -500.0]
[[-0.97236992  0.          0.23344536]
 [ 0.          1.          0.        ]
 [-0.23344536  0.         -0.97236992]]
48
[0, 960.0, 0.0, -500.0]
[[-0.98768834  0.          0.15643447]
 [ 0.          1.          0.        ]
 [-0.15643447  0.         -0.98768834]]
49
[0, 980.0000000000001, 0.0, -500.0]
[[-0.99691733  0.          0.0784591 ]
 [ 0.          1.          0.        ]
 [-0.0784591   0.         -0.99691733]]
50
[0, 1000.0, 0.0, -500.0]
[[ -1.00000000e+00   0.00000000e+00   1.22464680e-16]
 [  0.00000000e+00   1.00000000e+00   0.00000000e+00]
 [ -1.83697020e-16   0.00000000e+00  -1.00000000e+00]]
51
[0, 1019.9999999999999, 0.0, -500.0]
[[-0.99691733  0.         -0.0784591 ]
 [ 0.          1.          0.        ]
 [ 0.0784591   0.         -0.99691733]]
52
[0, 1040.0, 0.0, -500.0]
[[-0.98768834  0.         -0.15643447]
 [ 0.          1.          0.        ]
 [ 0.15643447  0.         -0.98768834]]
53
[0, 1060.0, 0.0, -500.0]
[[-0.97236992  0.         -0.23344536]
 [ 0.          1.          0.        ]
 [ 0.23344536  0.         -0.97236992]]
54
[0, 1080.0, 0.0, -500.0]
[[-0.95105652  0.         -0.30901699]
 [ 0.          1.          0.        ]
 [ 0.30901699  0.         -0.95105652]]
55
[0, 1100.0, 0.0, -500.0]
[[-0.92387953  0.         -0.38268343]
 [ 0.          1.          0.        ]
 [ 0.38268343  0.         -0.92387953]]
56
[0, 1120.0, 0.0, -500.0]
[[-0.89100652  0.         -0.4539905 ]
 [ 0.          1.          0.        ]
 [ 0.4539905   0.         -0.89100652]]
57
[0, 1140.0, 0.0, -500.0]
[[-0.85264016  0.         -0.52249856]
 [ 0.          1.          0.        ]
 [ 0.52249856  0.         -0.85264016]]
58
[0, 1160.0, 0.0, -500.0]
[[-0.80901699  0.         -0.58778525]
 [ 0.          1.          0.        ]
 [ 0.58778525  0.         -0.80901699]]
59
[0, 1180.0, 0.0, -500.0]
[[-0.76040597  0.         -0.64944805]
 [ 0.          1.          0.        ]
 [ 0.64944805  0.         -0.76040597]]
60
[0, 1200.0, 0.0, -500.0]
[[-0.70710678  0.         -0.70710678]
 [ 0.          1.          0.        ]
 [ 0.70710678  0.         -0.70710678]]
61
[0, 1220.0, 0.0, -500.0]
[[-0.64944805  0.         -0.76040597]
 [ 0.          1.          0.        ]
 [ 0.76040597  0.         -0.64944805]]
62
[0, 1240.0, 0.0, -500.0]
[[-0.58778525  0.         -0.80901699]
 [ 0.          1.          0.        ]
 [ 0.80901699  0.         -0.58778525]]
63
[0, 1260.0, 0.0, -500.0]
[[-0.52249856  0.         -0.85264016]
 [ 0.          1.          0.        ]
 [ 0.85264016  0.         -0.52249856]]
64
[0, 1280.0, 0.0, -500.0]
[[-0.4539905   0.         -0.89100652]
 [ 0.          1.          0.        ]
 [ 0.89100652  0.         -0.4539905 ]]
65
[0, 1300.0, 0.0, -500.0]
[[-0.38268343  0.         -0.92387953]
 [ 0.          1.          0.        ]
 [ 0.92387953  0.         -0.38268343]]
66
[0, 1320.0, 0.0, -500.0]
[[-0.30901699  0.         -0.95105652]
 [ 0.          1.          0.        ]
 [ 0.95105652  0.         -0.30901699]]
67
[0, 1340.0, 0.0, -500.0]
[[-0.23344536  0.         -0.97236992]
 [ 0.          1.          0.        ]
 [ 0.97236992  0.         -0.23344536]]
68
[0, 1360.0, 0.0, -500.0]
[[-0.15643447  0.         -0.98768834]
 [ 0.          1.          0.        ]
 [ 0.98768834  0.         -0.15643447]]
69
[0, 1380.0, 0.0, -500.0]
[[-0.0784591   0.         -0.99691733]
 [ 0.          1.          0.        ]
 [ 0.99691733  0.         -0.0784591 ]]
70
[0, 1400.0, 0.0, -500.0]
[[ -1.83697020e-16   0.00000000e+00  -1.00000000e+00]
 [  0.00000000e+00   1.00000000e+00   0.00000000e+00]
 [  1.00000000e+00   0.00000000e+00  -2.44929360e-16]]
71
[0, 1420.0, 0.0, -500.0]
[[ 0.0784591   0.         -0.99691733]
 [ 0.          1.          0.        ]
 [ 0.99691733  0.          0.0784591 ]]
72
[0, 1440.0, 0.0, -500.0]
[[ 0.15643447  0.         -0.98768834]
 [ 0.          1.          0.        ]
 [ 0.98768834  0.          0.15643447]]
73
[0, 1460.0, 0.0, -500.0]
[[ 0.23344536  0.         -0.97236992]
 [ 0.          1.          0.        ]
 [ 0.97236992  0.          0.23344536]]
74
[0, 1480.0, 0.0, -500.0]
[[ 0.30901699  0.         -0.95105652]
 [ 0.          1.          0.        ]
 [ 0.95105652  0.          0.30901699]]
75
[0, 1500.0, 0.0, -500.0]
[[ 0.38268343  0.         -0.92387953]
 [ 0.          1.          0.        ]
 [ 0.92387953  0.          0.38268343]]
76
[0, 1520.0, 0.0, -500.0]
[[ 0.4539905   0.         -0.89100652]
 [ 0.          1.          0.        ]
 [ 0.89100652  0.          0.4539905 ]]
77
[0, 1540.0, 0.0, -500.0]
[[ 0.52249856  0.         -0.85264016]
 [ 0.          1.          0.        ]
 [ 0.85264016  0.          0.52249856]]
78
[0, 1560.0, 0.0, -500.0]
[[ 0.58778525  0.         -0.80901699]
 [ 0.          1.          0.        ]
 [ 0.80901699  0.          0.58778525]]
79
[0, 1580.0, 0.0, -500.0]
[[ 0.64944805  0.         -0.76040597]
 [ 0.          1.          0.        ]
 [ 0.76040597  0.          0.64944805]]
80
[0, 1600.0, 0.0, -500.0]
[[ 0.70710678  0.         -0.70710678]
 [ 0.          1.          0.        ]
 [ 0.70710678  0.          0.70710678]]
81
[0, 1620.0, 0.0, -500.0]
[[ 0.76040597  0.         -0.64944805]
 [ 0.          1.          0.        ]
 [ 0.64944805  0.          0.76040597]]
82
[0, 1639.9999999999998, 0.0, -500.0]
[[ 0.80901699  0.         -0.58778525]
 [ 0.          1.          0.        ]
 [ 0.58778525  0.          0.80901699]]
83
[0, 1660.0000000000002, 0.0, -500.0]
[[ 0.85264016  0.         -0.52249856]
 [ 0.          1.          0.        ]
 [ 0.52249856  0.          0.85264016]]
84
[0, 1680.0, 0.0, -500.0]
[[ 0.89100652  0.         -0.4539905 ]
 [ 0.          1.          0.        ]
 [ 0.4539905   0.          0.89100652]]
85
[0, 1700.0, 0.0, -500.0]
[[ 0.92387953  0.         -0.38268343]
 [ 0.          1.          0.        ]
 [ 0.38268343  0.          0.92387953]]
86
[0, 1720.0, 0.0, -500.0]
[[ 0.95105652  0.         -0.30901699]
 [ 0.          1.          0.        ]
 [ 0.30901699  0.          0.95105652]]
87
[0, 1739.9999999999998, 0.0, -500.0]
[[ 0.97236992  0.         -0.23344536]
 [ 0.          1.          0.        ]
 [ 0.23344536  0.          0.97236992]]
88
[0, 1760.0000000000002, 0.0, -500.0]
[[ 0.98768834  0.         -0.15643447]
 [ 0.          1.          0.        ]
 [ 0.15643447  0.          0.98768834]]
89
[0, 1780.0, 0.0, -500.0]
[[ 0.99691733  0.         -0.0784591 ]
 [ 0.          1.          0.        ]
 [ 0.0784591   0.          0.99691733]]
90
[0, 1800.0, 0.0, -500.0]
[[  1.00000000e+00   0.00000000e+00  -2.44929360e-16]
 [  0.00000000e+00   1.00000000e+00   0.00000000e+00]
 [  3.06161700e-16   0.00000000e+00   1.00000000e+00]]
91
[0, 1820.0, 0.0, -500.0]
[[ 0.99691733  0.          0.0784591 ]
 [ 0.          1.          0.        ]
 [-0.0784591   0.          0.99691733]]
92
[0, 1839.9999999999998, 0.0, -500.0]
[[ 0.98768834  0.          0.15643447]
 [ 0.          1.          0.        ]
 [-0.15643447  0.          0.98768834]]
93
[0, 1860.0000000000002, 0.0, -500.0]
[[ 0.97236992  0.          0.23344536]
 [ 0.          1.          0.        ]
 [-0.23344536  0.          0.97236992]]
94
[0, 1880.0, 0.0, -500.0]
[[ 0.95105652  0.          0.30901699]
 [ 0.          1.          0.        ]
 [-0.30901699  0.          0.95105652]]
95
[0, 1900.0, 0.0, -500.0]
[[ 0.92387953  0.          0.38268343]
 [ 0.          1.          0.        ]
 [-0.38268343  0.          0.92387953]]
96
[0, 1920.0, 0.0, -500.0]
[[ 0.89100652  0.          0.4539905 ]
 [ 0.          1.          0.        ]
 [-0.4539905   0.          0.89100652]]
97
[0, 1939.9999999999998, 0.0, -500.0]
[[ 0.85264016  0.          0.52249856]
 [ 0.          1.          0.        ]
 [-0.52249856  0.          0.85264016]]
98
[0, 1960.0000000000002, 0.0, -500.0]
[[ 0.80901699  0.          0.58778525]
 [ 0.          1.          0.        ]
 [-0.58778525  0.          0.80901699]]
99
[0, 1980.0, 0.0, -500.0]
[[ 0.76040597  0.          0.64944805]
 [ 0.          1.          0.        ]
 [-0.64944805  0.          0.76040597]]
100
[0, 2000.0, 0.0, -500.0]
[[ 0.70710678  0.          0.70710678]
 [ 0.          1.          0.        ]
 [-0.70710678  0.          0.70710678]]
101
[0, 2020.0, 0.0, -500.0]
[[ 0.64944805  0.          0.76040597]
 [ 0.          1.          0.        ]
 [-0.76040597  0.          0.64944805]]
102
[0, 2039.9999999999998, 0.0, -500.0]
[[ 0.58778525  0.          0.80901699]
 [ 0.          1.          0.        ]
 [-0.80901699  0.          0.58778525]]
103
[0, 2060.0, 0.0, -500.0]
[[ 0.52249856  0.          0.85264016]
 [ 0.          1.          0.        ]
 [-0.85264016  0.          0.52249856]]
104
[0, 2080.0, 0.0, -500.0]
[[ 0.4539905   0.          0.89100652]
 [ 0.          1.          0.        ]
 [-0.89100652  0.          0.4539905 ]]
105
[0, 2100.0, 0.0, -500.0]
[[ 0.38268343  0.          0.92387953]
 [ 0.          1.          0.        ]
 [-0.92387953  0.          0.38268343]]
106
[0, 2120.0, 0.0, -500.0]
[[ 0.30901699  0.          0.95105652]
 [ 0.          1.          0.        ]
 [-0.95105652  0.          0.30901699]]
107
[0, 2140.0, 0.0, -500.0]
[[ 0.23344536  0.          0.97236992]
 [ 0.          1.          0.        ]
 [-0.97236992  0.          0.23344536]]
108
[0, 2160.0, 0.0, -500.0]
[[ 0.15643447  0.          0.98768834]
 [ 0.          1.          0.        ]
 [-0.98768834  0.          0.15643447]]
109
[0, 2180.0, 0.0, -500.0]
[[ 0.0784591   0.          0.99691733]
 [ 0.          1.          0.        ]
 [-0.99691733  0.          0.0784591 ]]
110
[0, 2200.0, 0.0, -500.0]
[[  3.06161700e-16   0.00000000e+00   1.00000000e+00]
 [  0.00000000e+00   1.00000000e+00   0.00000000e+00]
 [ -1.00000000e+00   0.00000000e+00   3.67394040e-16]]
111
[0, 2220.0, 0.0, -500.0]
[[-0.0784591   0.          0.99691733]
 [ 0.          1.          0.        ]
 [-0.99691733  0.         -0.0784591 ]]
112
[0, 2240.0, 0.0, -500.0]
[[-0.15643447  0.          0.98768834]
 [ 0.          1.          0.        ]
 [-0.98768834  0.         -0.15643447]]
113
[0, 2260.0, 0.0, -500.0]
[[-0.23344536  0.          0.97236992]
 [ 0.          1.          0.        ]
 [-0.97236992  0.         -0.23344536]]
114
[0, 2280.0, 0.0, -500.0]
[[-0.30901699  0.          0.95105652]
 [ 0.          1.          0.        ]
 [-0.95105652  0.         -0.30901699]]
115
[0, 2300.0, 0.0, -500.0]
[[-0.38268343  0.          0.92387953]
 [ 0.          1.          0.        ]
 [-0.92387953  0.         -0.38268343]]
116
[0, 2320.0, 0.0, -500.0]
[[-0.4539905   0.          0.89100652]
 [ 0.          1.          0.        ]
 [-0.89100652  0.         -0.4539905 ]]
117
[0, 2340.0, 0.0, -500.0]
[[-0.52249856  0.          0.85264016]
 [ 0.          1.          0.        ]
 [-0.85264016  0.         -0.52249856]]
118
[0, 2360.0, 0.0, -500.0]
[[-0.58778525  0.          0.80901699]
 [ 0.          1.          0.        ]
 [-0.80901699  0.         -0.58778525]]
119
[0, 2380.0, 0.0, -500.0]
[[-0.64944805  0.          0.76040597]
 [ 0.          1.          0.        ]
 [-0.76040597  0.         -0.64944805]]
120
[0, 2400.0, 0.0, -500.0]
[[-0.70710678  0.          0.70710678]
 [ 0.          1.          0.        ]
 [-0.70710678  0.         -0.70710678]]
Path2
1
[0, 390.0, 0.0, -500.0]
[[ 0.73432251  0.          0.67880075]
 [ 0.          1.          0.        ]
 [-0.67880075  0.          0.73432251]]
2
[0, 380.0, 0.0, -500.0]
[[ 0.76040597  0.          0.64944805]
 [ 0.          1.          0.        ]
 [-0.64944805  0.          0.76040597]]
3
[0, 370.0, 0.0, -500.0]
[[ 0.78531693  0.          0.61909395]
 [ 0.          1.          0.        ]
 [-0.61909395  0.          0.78531693]]
4
[0, 360.0, 0.0, -500.0]
[[ 0.80901699  0.          0.58778525]
 [ 0.          1.          0.        ]
 [-0.58778525  0.          0.80901699]]
5
[0, 350.0, 0.0, -500.0]
[[ 0.83146961  0.          0.55557023]
 [ 0.          1.          0.        ]
 [-0.55557023  0.          0.83146961]]
6
[0, 340.0, 0.0, -500.0]
[[ 0.85264016  0.          0.52249856]
 [ 0.          1.          0.        ]
 [-0.52249856  0.          0.85264016]]
7
[0, 330.0, 0.0, -500.0]
[[ 0.87249601  0.          0.48862124]
 [ 0.          1.          0.        ]
 [-0.48862124  0.          0.87249601]]
8
[0, 320.0, 0.0, -500.0]
[[ 0.89100652  0.          0.4539905 ]
 [ 0.          1.          0.        ]
 [-0.4539905   0.          0.89100652]]
9
[0, 310.0, 0.0, -500.0]
[[ 0.90814317  0.          0.41865974]
 [ 0.          1.          0.        ]
 [-0.41865974  0.          0.90814317]]
10
[0, 300.0, 0.0, -500.0]
[[ 0.92387953  0.          0.38268343]
 [ 0.          1.          0.        ]
 [-0.38268343  0.          0.92387953]]
11
[0, 290.0, 0.0, -500.0]
[[ 0.93819134  0.          0.34611706]
 [ 0.          1.          0.        ]
 [-0.34611706  0.          0.93819134]]
12
[0, 280.0, 0.0, -500.0]
[[ 0.95105652  0.          0.30901699]
 [ 0.          1.          0.        ]
 [-0.30901699  0.          0.95105652]]
13
[0, 270.0, 0.0, -500.0]
[[ 0.96245524  0.          0.27144045]
 [ 0.          1.          0.        ]
 [-0.27144045  0.          0.96245524]]
14
[0, 260.0, 0.0, -500.0]
[[ 0.97236992  0.          0.23344536]
 [ 0.          1.          0.        ]
 [-0.23344536  0.          0.97236992]]
15
[0, 250.0, 0.0, -500.0]
[[ 0.98078528  0.          0.19509032]
 [ 0.          1.          0.        ]
 [-0.19509032  0.          0.98078528]]
16
[0, 240.0, 0.0, -500.0]
[[ 0.98768834  0.          0.15643447]
 [ 0.          1.          0.        ]
 [-0.15643447  0.          0.98768834]]
17
[0, 230.0, 0.0, -500.0]
[[ 0.99306846  0.          0.1175374 ]
 [ 0.          1.          0.        ]
 [-0.1175374   0.          0.99306846]]
18
[0, 220.0, 0.0, -500.0]
[[ 0.99691733  0.          0.0784591 ]
 [ 0.          1.          0.        ]
 [-0.0784591   0.          0.99691733]]
19
[0, 210.0, 0.0, -500.0]
[[ 0.99922904  0.          0.03925982]
 [ 0.          1.          0.        ]
 [-0.03925982  0.          0.99922904]]
20
[0, 200.0, 0.0, -500.0]
[[  1.00000000e+00   0.00000000e+00   0.00000000e+00]
 [  0.00000000e+00   1.00000000e+00   0.00000000e+00]
 [  6.12323400e-17   0.00000000e+00   1.00000000e+00]]
21
[0, 190.0, 0.0, -500.0]
[[ 0.99922904  0.         -0.03925982]
 [ 0.          1.          0.        ]
 [ 0.03925982  0.          0.99922904]]
22
[0, 179.99999999999997, 0.0, -500.0]
[[ 0.99691733  0.         -0.0784591 ]
 [ 0.          1.          0.        ]
 [ 0.0784591   0.          0.99691733]]
23
[0, 170.00000000000003, 0.0, -500.0]
[[ 0.99306846  0.         -0.1175374 ]
 [ 0.          1.          0.        ]
 [ 0.1175374   0.          0.99306846]]
24
[0, 160.0, 0.0, -500.0]
[[ 0.98768834  0.         -0.15643447]
 [ 0.          1.          0.        ]
 [ 0.15643447  0.          0.98768834]]
25
[0, 150.0, 0.0, -500.0]
[[ 0.98078528  0.         -0.19509032]
 [ 0.          1.          0.        ]
 [ 0.19509032  0.          0.98078528]]
26
[0, 140.0, 0.0, -500.0]
[[ 0.97236992  0.         -0.23344536]
 [ 0.          1.          0.        ]
 [ 0.23344536  0.          0.97236992]]
27
[0, 130.0, 0.0, -500.0]
[[ 0.96245524  0.         -0.27144045]
 [ 0.          1.          0.        ]
 [ 0.27144045  0.          0.96245524]]
28
[0, 120.0, 0.0, -500.0]
[[ 0.95105652  0.         -0.30901699]
 [ 0.          1.          0.        ]
 [ 0.30901699  0.          0.95105652]]
29
[0, 110.0, 0.0, -500.0]
[[ 0.93819134  0.         -0.34611706]
 [ 0.          1.          0.        ]
 [ 0.34611706  0.          0.93819134]]
30
[0, 100.0, 0.0, -500.0]
[[ 0.92387953  0.         -0.38268343]
 [ 0.          1.          0.        ]
 [ 0.38268343  0.          0.92387953]]
31
[0, 90.0, 0.0, -500.0]
[[ 0.90814317  0.         -0.41865974]
 [ 0.          1.          0.        ]
 [ 0.41865974  0.          0.90814317]]
32
[0, 80.0, 0.0, -500.0]
[[ 0.89100652  0.         -0.4539905 ]
 [ 0.          1.          0.        ]
 [ 0.4539905   0.          0.89100652]]
33
[0, 70.0, 0.0, -500.0]
[[ 0.87249601  0.         -0.48862124]
 [ 0.          1.          0.        ]
 [ 0.48862124  0.          0.87249601]]
34
[0, 60.0, 0.0, -500.0]
[[ 0.85264016  0.         -0.52249856]
 [ 0.          1.          0.        ]
 [ 0.52249856  0.          0.85264016]]
35
[0, 50.0, 0.0, -500.0]
[[ 0.83146961  0.         -0.55557023]
 [ 0.          1.          0.        ]
 [ 0.55557023  0.          0.83146961]]
36
[0, 40.0, 0.0, -500.0]
[[ 0.80901699  0.         -0.58778525]
 [ 0.          1.          0.        ]
 [ 0.58778525  0.          0.80901699]]
37
[0, 30.0, 0.0, -500.0]
[[ 0.78531693  0.         -0.61909395]
 [ 0.          1.          0.        ]
 [ 0.61909395  0.          0.78531693]]
38
[0, 20.0, 0.0, -500.0]
[[ 0.76040597  0.         -0.64944805]
 [ 0.          1.          0.        ]
 [ 0.64944805  0.          0.76040597]]
39
[0, 10.0, 0.0, -500.0]
[[ 0.73432251  0.         -0.67880075]
 [ 0.          1.          0.        ]
 [ 0.67880075  0.          0.73432251]]
40
[0, 0.0, 0.0, -500.0]
[[ 0.70710678  0.         -0.70710678]
 [ 0.          1.          0.        ]
 [ 0.70710678  0.          0.70710678]]
41
[0, -9.999999999999943, 0.0, -500.0]
[[ 0.67880075  0.         -0.73432251]
 [ 0.          1.          0.        ]
 [ 0.73432251  0.          0.67880075]]
42
[0, -20.0, 0.0, -500.0]
[[ 0.64944805  0.         -0.76040597]
 [ 0.          1.          0.        ]
 [ 0.76040597  0.          0.64944805]]
43
[0, -30.0, 0.0, -500.0]
[[ 0.61909395  0.         -0.78531693]
 [ 0.          1.          0.        ]
 [ 0.78531693  0.          0.61909395]]
44
[0, -40.00000000000006, 0.0, -500.0]
[[ 0.58778525  0.         -0.80901699]
 [ 0.          1.          0.        ]
 [ 0.80901699  0.          0.58778525]]
45
[0, -50.0, 0.0, -500.0]
[[ 0.55557023  0.         -0.83146961]
 [ 0.          1.          0.        ]
 [ 0.83146961  0.          0.55557023]]
46
[0, -59.99999999999994, 0.0, -500.0]
[[ 0.52249856  0.         -0.85264016]
 [ 0.          1.          0.        ]
 [ 0.85264016  0.          0.52249856]]
47
[0, -70.0, 0.0, -500.0]
[[ 0.48862124  0.         -0.87249601]
 [ 0.          1.          0.        ]
 [ 0.87249601  0.          0.48862124]]
48
[0, -80.0, 0.0, -500.0]
[[ 0.4539905   0.         -0.89100652]
 [ 0.          1.          0.        ]
 [ 0.89100652  0.          0.4539905 ]]
49
[0, -90.00000000000006, 0.0, -500.0]
[[ 0.41865974  0.         -0.90814317]
 [ 0.          1.          0.        ]
 [ 0.90814317  0.          0.41865974]]
50
[0, -100.0, 0.0, -500.0]
[[ 0.38268343  0.         -0.92387953]
 [ 0.          1.          0.        ]
 [ 0.92387953  0.          0.38268343]]
51
[0, -109.99999999999994, 0.0, -500.0]
[[ 0.34611706  0.         -0.93819134]
 [ 0.          1.          0.        ]
 [ 0.93819134  0.          0.34611706]]
52
[0, -120.0, 0.0, -500.0]
[[ 0.30901699  0.         -0.95105652]
 [ 0.          1.          0.        ]
 [ 0.95105652  0.          0.30901699]]
53
[0, -130.0, 0.0, -500.0]
[[ 0.27144045  0.         -0.96245524]
 [ 0.          1.          0.        ]
 [ 0.96245524  0.          0.27144045]]
54
[0, -140.0, 0.0, -500.0]
[[ 0.23344536  0.         -0.97236992]
 [ 0.          1.          0.        ]
 [ 0.97236992  0.          0.23344536]]
55
[0, -150.0, 0.0, -500.0]
[[ 0.19509032  0.         -0.98078528]
 [ 0.          1.          0.        ]
 [ 0.98078528  0.          0.19509032]]
56
[0, -160.0, 0.0, -500.0]
[[ 0.15643447  0.         -0.98768834]
 [ 0.          1.          0.        ]
 [ 0.98768834  0.          0.15643447]]
57
[0, -170.0, 0.0, -500.0]
[[ 0.1175374   0.         -0.99306846]
 [ 0.          1.          0.        ]
 [ 0.99306846  0.          0.1175374 ]]
58
[0, -180.0, 0.0, -500.0]
[[ 0.0784591   0.         -0.99691733]
 [ 0.          1.          0.        ]
 [ 0.99691733  0.          0.0784591 ]]
59
[0, -190.0, 0.0, -500.0]
[[ 0.03925982  0.         -0.99922904]
 [ 0.          1.          0.        ]
 [ 0.99922904  0.          0.03925982]]
60
[0, -200.0, 0.0, -500.0]
[[  6.12323400e-17   0.00000000e+00  -1.00000000e+00]
 [  0.00000000e+00   1.00000000e+00   0.00000000e+00]
 [  1.00000000e+00   0.00000000e+00   0.00000000e+00]]
Path3
1
[0, 200.0, 1.5, -500.0]
[[ 1.          0.          0.        ]
 [ 0.          0.99922904 -0.03925982]
 [ 0.          0.03925982  0.99922904]]
2
[0, 200.0, 3.0, -500.0]
[[ 1.          0.          0.        ]
 [ 0.          0.99691733 -0.0784591 ]
 [ 0.          0.0784591   0.99691733]]
3
[0, 200.0, 4.5, -500.0]
[[ 1.          0.          0.        ]
 [ 0.          0.99306846 -0.1175374 ]
 [ 0.          0.1175374   0.99306846]]
4
[0, 200.0, 6.0, -500.0]
[[ 1.          0.          0.        ]
 [ 0.          0.98768834 -0.15643447]
 [ 0.          0.15643447  0.98768834]]
5
[0, 200.0, 7.5, -500.0]
[[ 1.          0.          0.        ]
 [ 0.          0.98078528 -0.19509032]
 [ 0.          0.19509032  0.98078528]]
6
[0, 200.0, 9.0, -500.0]
[[ 1.          0.          0.        ]
 [ 0.          0.97236992 -0.23344536]
 [ 0.          0.23344536  0.97236992]]
7
[0, 200.0, 10.5, -500.0]
[[ 1.          0.          0.        ]
 [ 0.          0.96245524 -0.27144045]
 [ 0.          0.27144045  0.96245524]]
8
[0, 200.0, 12.0, -500.0]
[[ 1.          0.          0.        ]
 [ 0.          0.95105652 -0.30901699]
 [ 0.          0.30901699  0.95105652]]
9
[0, 200.0, 13.5, -500.0]
[[ 1.          0.          0.        ]
 [ 0.          0.93819134 -0.34611706]
 [ 0.          0.34611706  0.93819134]]
10
[0, 200.0, 15.0, -500.0]
[[ 1.          0.          0.        ]
 [ 0.          0.92387953 -0.38268343]
 [ 0.          0.38268343  0.92387953]]
11
[0, 200.0, 16.5, -500.0]
[[ 1.          0.          0.        ]
 [ 0.          0.90814317 -0.41865974]
 [ 0.          0.41865974  0.90814317]]
12
[0, 200.0, 18.0, -500.0]
[[ 1.          0.          0.        ]
 [ 0.          0.89100652 -0.4539905 ]
 [ 0.          0.4539905   0.89100652]]
13
[0, 200.0, 19.5, -500.0]
[[ 1.          0.          0.        ]
 [ 0.          0.87249601 -0.48862124]
 [ 0.          0.48862124  0.87249601]]
14
[0, 200.0, 21.0, -500.0]
[[ 1.          0.          0.        ]
 [ 0.          0.85264016 -0.52249856]
 [ 0.          0.52249856  0.85264016]]
15
[0, 200.0, 22.5, -500.0]
[[ 1.          0.          0.        ]
 [ 0.          0.83146961 -0.55557023]
 [ 0.          0.55557023  0.83146961]]
16
[0, 200.0, 24.0, -500.0]
[[ 1.          0.          0.        ]
 [ 0.          0.80901699 -0.58778525]
 [ 0.          0.58778525  0.80901699]]
17
[0, 200.0, 25.5, -500.0]
[[ 1.          0.          0.        ]
 [ 0.          0.78531693 -0.61909395]
 [ 0.          0.61909395  0.78531693]]
18
[0, 200.0, 27.0, -500.0]
[[ 1.          0.          0.        ]
 [ 0.          0.76040597 -0.64944805]
 [ 0.          0.64944805  0.76040597]]
19
[0, 200.0, 28.5, -500.0]
[[ 1.          0.          0.        ]
 [ 0.          0.73432251 -0.67880075]
 [ 0.          0.67880075  0.73432251]]
20
[0, 200.0, 30.0, -500.0]
[[ 1.          0.          0.        ]
 [ 0.          0.70710678 -0.70710678]
 [ 0.          0.70710678  0.70710678]]
21
[0, 200.0, 31.5, -500.0]
[[ 1.          0.          0.        ]
 [ 0.          0.67880075 -0.73432251]
 [ 0.          0.73432251  0.67880075]]
22
[0, 200.0, 33.0, -500.0]
[[ 1.          0.          0.        ]
 [ 0.          0.64944805 -0.76040597]
 [ 0.          0.76040597  0.64944805]]
23
[0, 200.0, 34.5, -500.0]
[[ 1.          0.          0.        ]
 [ 0.          0.61909395 -0.78531693]
 [ 0.          0.78531693  0.61909395]]
24
[0, 200.0, 36.0, -500.0]
[[ 1.          0.          0.        ]
 [ 0.          0.58778525 -0.80901699]
 [ 0.          0.80901699  0.58778525]]
25
[0, 200.0, 37.5, -500.0]
[[ 1.          0.          0.        ]
 [ 0.          0.55557023 -0.83146961]
 [ 0.          0.83146961  0.55557023]]
26
[0, 200.0, 39.0, -500.0]
[[ 1.          0.          0.        ]
 [ 0.          0.52249856 -0.85264016]
 [ 0.          0.85264016  0.52249856]]
27
[0, 200.0, 40.5, -500.0]
[[ 1.          0.          0.        ]
 [ 0.          0.48862124 -0.87249601]
 [ 0.          0.87249601  0.48862124]]
28
[0, 200.0, 42.0, -500.0]
[[ 1.          0.          0.        ]
 [ 0.          0.4539905  -0.89100652]
 [ 0.          0.89100652  0.4539905 ]]
29
[0, 200.0, 43.5, -500.0]
[[ 1.          0.          0.        ]
 [ 0.          0.41865974 -0.90814317]
 [ 0.          0.90814317  0.41865974]]
30
[0, 200.0, 45.0, -500.0]
[[ 1.          0.          0.        ]
 [ 0.          0.38268343 -0.92387953]
 [ 0.          0.92387953  0.38268343]]
31
[0, 200.0, 46.5, -500.0]
[[ 1.          0.          0.        ]
 [ 0.          0.34611706 -0.93819134]
 [ 0.          0.93819134  0.34611706]]
32
[0, 200.0, 48.0, -500.0]
[[ 1.          0.          0.        ]
 [ 0.          0.30901699 -0.95105652]
 [ 0.          0.95105652  0.30901699]]
33
[0, 200.0, 49.5, -500.0]
[[ 1.          0.          0.        ]
 [ 0.          0.27144045 -0.96245524]
 [ 0.          0.96245524  0.27144045]]
34
[0, 200.0, 51.0, -500.0]
[[ 1.          0.          0.        ]
 [ 0.          0.23344536 -0.97236992]
 [ 0.          0.97236992  0.23344536]]
35
[0, 200.0, 52.5, -500.0]
[[ 1.          0.          0.        ]
 [ 0.          0.19509032 -0.98078528]
 [ 0.          0.98078528  0.19509032]]
36
[0, 200.0, 54.0, -500.0]
[[ 1.          0.          0.        ]
 [ 0.          0.15643447 -0.98768834]
 [ 0.          0.98768834  0.15643447]]
37
[0, 200.0, 55.5, -500.0]
[[ 1.          0.          0.        ]
 [ 0.          0.1175374  -0.99306846]
 [ 0.          0.99306846  0.1175374 ]]
38
[0, 200.0, 57.0, -500.0]
[[ 1.          0.          0.        ]
 [ 0.          0.0784591  -0.99691733]
 [ 0.          0.99691733  0.0784591 ]]
39
[0, 200.0, 58.5, -500.0]
[[ 1.          0.          0.        ]
 [ 0.          0.03925982 -0.99922904]
 [ 0.          0.99922904  0.03925982]]
40
[0, 200.0, 60.0, -500.0]
[[  1.00000000e+00   0.00000000e+00   0.00000000e+00]
 [  0.00000000e+00   6.12323400e-17  -1.00000000e+00]
 [  0.00000000e+00   1.00000000e+00   0.00000000e+00]]
41
[0, 200.0, 61.49999999999999, -500.0]
[[ 1.          0.          0.        ]
 [ 0.         -0.03925982 -0.99922904]
 [ 0.          0.99922904 -0.03925982]]
42
[0, 200.0, 63.0, -500.0]
[[ 1.          0.          0.        ]
 [ 0.         -0.0784591  -0.99691733]
 [ 0.          0.99691733 -0.0784591 ]]
43
[0, 200.0, 64.5, -500.0]
[[ 1.          0.          0.        ]
 [ 0.         -0.1175374  -0.99306846]
 [ 0.          0.99306846 -0.1175374 ]]
44
[0, 200.0, 66.0, -500.0]
[[ 1.          0.          0.        ]
 [ 0.         -0.15643447 -0.98768834]
 [ 0.          0.98768834 -0.15643447]]
45
[0, 200.0, 67.5, -500.0]
[[ 1.          0.          0.        ]
 [ 0.         -0.19509032 -0.98078528]
 [ 0.          0.98078528 -0.19509032]]
46
[0, 200.0, 69.0, -500.0]
[[ 1.          0.          0.        ]
 [ 0.         -0.23344536 -0.97236992]
 [ 0.          0.97236992 -0.23344536]]
47
[0, 200.0, 70.5, -500.0]
[[ 1.          0.          0.        ]
 [ 0.         -0.27144045 -0.96245524]
 [ 0.          0.96245524 -0.27144045]]
48
[0, 200.0, 72.0, -500.0]
[[ 1.          0.          0.        ]
 [ 0.         -0.30901699 -0.95105652]
 [ 0.          0.95105652 -0.30901699]]
49
[0, 200.0, 73.5, -500.0]
[[ 1.          0.          0.        ]
 [ 0.         -0.34611706 -0.93819134]
 [ 0.          0.93819134 -0.34611706]]
50
[0, 200.0, 75.0, -500.0]
[[ 1.          0.          0.        ]
 [ 0.         -0.38268343 -0.92387953]
 [ 0.          0.92387953 -0.38268343]]
51
[0, 200.0, 76.5, -500.0]
[[ 1.          0.          0.        ]
 [ 0.         -0.41865974 -0.90814317]
 [ 0.          0.90814317 -0.41865974]]
52
[0, 200.0, 78.0, -500.0]
[[ 1.          0.          0.        ]
 [ 0.         -0.4539905  -0.89100652]
 [ 0.          0.89100652 -0.4539905 ]]
53
[0, 200.0, 79.5, -500.0]
[[ 1.          0.          0.        ]
 [ 0.         -0.48862124 -0.87249601]
 [ 0.          0.87249601 -0.48862124]]
54
[0, 200.0, 81.0, -500.0]
[[ 1.          0.          0.        ]
 [ 0.         -0.52249856 -0.85264016]
 [ 0.          0.85264016 -0.52249856]]
55
[0, 200.0, 82.5, -500.0]
[[ 1.          0.          0.        ]
 [ 0.         -0.55557023 -0.83146961]
 [ 0.          0.83146961 -0.55557023]]
56
[0, 200.0, 84.0, -500.0]
[[ 1.          0.          0.        ]
 [ 0.         -0.58778525 -0.80901699]
 [ 0.          0.80901699 -0.58778525]]
57
[0, 200.0, 85.5, -500.0]
[[ 1.          0.          0.        ]
 [ 0.         -0.61909395 -0.78531693]
 [ 0.          0.78531693 -0.61909395]]
58
[0, 200.0, 87.0, -500.0]
[[ 1.          0.          0.        ]
 [ 0.         -0.64944805 -0.76040597]
 [ 0.          0.76040597 -0.64944805]]
59
[0, 200.0, 88.5, -500.0]
[[ 1.          0.          0.        ]
 [ 0.         -0.67880075 -0.73432251]
 [ 0.          0.73432251 -0.67880075]]
60
[0, 200.0, 90.0, -500.0]
[[ 1.          0.          0.        ]
 [ 0.         -0.70710678 -0.70710678]
 [ 0.          0.70710678 -0.70710678]]
Path4
1
[0, 200.0, 28.5, -500.0]
[[ 1.          0.          0.        ]
 [ 0.          0.73432251 -0.67880075]
 [ 0.          0.67880075  0.73432251]]
2
[0, 200.0, 27.0, -500.0]
[[ 1.          0.          0.        ]
 [ 0.          0.76040597 -0.64944805]
 [ 0.          0.64944805  0.76040597]]
3
[0, 200.0, 25.5, -500.0]
[[ 1.          0.          0.        ]
 [ 0.          0.78531693 -0.61909395]
 [ 0.          0.61909395  0.78531693]]
4
[0, 200.0, 24.0, -500.0]
[[ 1.          0.          0.        ]
 [ 0.          0.80901699 -0.58778525]
 [ 0.          0.58778525  0.80901699]]
5
[0, 200.0, 22.5, -500.0]
[[ 1.          0.          0.        ]
 [ 0.          0.83146961 -0.55557023]
 [ 0.          0.55557023  0.83146961]]
6
[0, 200.0, 21.0, -500.0]
[[ 1.          0.          0.        ]
 [ 0.          0.85264016 -0.52249856]
 [ 0.          0.52249856  0.85264016]]
7
[0, 200.0, 19.5, -500.0]
[[ 1.          0.          0.        ]
 [ 0.          0.87249601 -0.48862124]
 [ 0.          0.48862124  0.87249601]]
8
[0, 200.0, 18.0, -500.0]
[[ 1.          0.          0.        ]
 [ 0.          0.89100652 -0.4539905 ]
 [ 0.          0.4539905   0.89100652]]
9
[0, 200.0, 16.5, -500.0]
[[ 1.          0.          0.        ]
 [ 0.          0.90814317 -0.41865974]
 [ 0.          0.41865974  0.90814317]]
10
[0, 200.0, 15.0, -500.0]
[[ 1.          0.          0.        ]
 [ 0.          0.92387953 -0.38268343]
 [ 0.          0.38268343  0.92387953]]
11
[0, 200.0, 13.5, -500.0]
[[ 1.          0.          0.        ]
 [ 0.          0.93819134 -0.34611706]
 [ 0.          0.34611706  0.93819134]]
12
[0, 200.0, 12.0, -500.0]
[[ 1.          0.          0.        ]
 [ 0.          0.95105652 -0.30901699]
 [ 0.          0.30901699  0.95105652]]
13
[0, 200.0, 10.5, -500.0]
[[ 1.          0.          0.        ]
 [ 0.          0.96245524 -0.27144045]
 [ 0.          0.27144045  0.96245524]]
14
[0, 200.0, 9.0, -500.0]
[[ 1.          0.          0.        ]
 [ 0.          0.97236992 -0.23344536]
 [ 0.          0.23344536  0.97236992]]
15
[0, 200.0, 7.5, -500.0]
[[ 1.          0.          0.        ]
 [ 0.          0.98078528 -0.19509032]
 [ 0.          0.19509032  0.98078528]]
16
[0, 200.0, 6.0, -500.0]
[[ 1.          0.          0.        ]
 [ 0.          0.98768834 -0.15643447]
 [ 0.          0.15643447  0.98768834]]
17
[0, 200.0, 4.5, -500.0]
[[ 1.          0.          0.        ]
 [ 0.          0.99306846 -0.1175374 ]
 [ 0.          0.1175374   0.99306846]]
18
[0, 200.0, 3.0, -500.0]
[[ 1.          0.          0.        ]
 [ 0.          0.99691733 -0.0784591 ]
 [ 0.          0.0784591   0.99691733]]
19
[0, 200.0, 1.5, -500.0]
[[ 1.          0.          0.        ]
 [ 0.          0.99922904 -0.03925982]
 [ 0.          0.03925982  0.99922904]]
20
[0, 200.0, 0.0, -500.0]
[[  1.00000000e+00   0.00000000e+00   0.00000000e+00]
 [  0.00000000e+00   1.00000000e+00   0.00000000e+00]
 [  0.00000000e+00   6.12323400e-17   1.00000000e+00]]
21
[0, 200.0, -1.5, -500.0]
[[ 1.          0.          0.        ]
 [ 0.          0.99922904  0.03925982]
 [ 0.         -0.03925982  0.99922904]]
22
[0, 200.0, -3.0, -500.0]
[[ 1.          0.          0.        ]
 [ 0.          0.99691733  0.0784591 ]
 [ 0.         -0.0784591   0.99691733]]
23
[0, 200.0, -4.5, -500.0]
[[ 1.          0.          0.        ]
 [ 0.          0.99306846  0.1175374 ]
 [ 0.         -0.1175374   0.99306846]]
24
[0, 200.0, -6.0, -500.0]
[[ 1.          0.          0.        ]
 [ 0.          0.98768834  0.15643447]
 [ 0.         -0.15643447  0.98768834]]
25
[0, 200.0, -7.5, -500.0]
[[ 1.          0.          0.        ]
 [ 0.          0.98078528  0.19509032]
 [ 0.         -0.19509032  0.98078528]]
26
[0, 200.0, -9.0, -500.0]
[[ 1.          0.          0.        ]
 [ 0.          0.97236992  0.23344536]
 [ 0.         -0.23344536  0.97236992]]
27
[0, 200.0, -10.5, -500.0]
[[ 1.          0.          0.        ]
 [ 0.          0.96245524  0.27144045]
 [ 0.         -0.27144045  0.96245524]]
28
[0, 200.0, -12.0, -500.0]
[[ 1.          0.          0.        ]
 [ 0.          0.95105652  0.30901699]
 [ 0.         -0.30901699  0.95105652]]
29
[0, 200.0, -13.5, -500.0]
[[ 1.          0.          0.        ]
 [ 0.          0.93819134  0.34611706]
 [ 0.         -0.34611706  0.93819134]]
30
[0, 200.0, -15.0, -500.0]
[[ 1.          0.          0.        ]
