
Path1
1
[0, 20.0, 0.0, -500.0]
[[0.760405965600031, 0, -0.6494480483301837], [0, 1, 0], [0.6494480483301837, 0, 0.760405965600031]]
2
[0, 40.0, 0.0, -500.0]
[[0.8090169943749475, 0, -0.5877852522924731], [0, 1, 0], [0.5877852522924732, 0, 0.8090169943749473]]
3
[0, 60.0, 0.0, -500.0]
[[0.8526401643540923, 0, -0.5224985647159488], [0, 1, 0], [0.5224985647159489, 0, 0.8526401643540922]]
4
[0, 80.0, 0.0, -500.0]
[[0.8910065241883679, 0, -0.45399049973954675], [0, 1, 0], [0.4539904997395468, 0, 0.8910065241883678]]
5
[0, 100.0, 0.0, -500.0]
[[0.9238795325112867, 0, -0.3826834323650898], [0, 1, 0], [0.38268343236508984, 0, 0.9238795325112867]]
6
[0, 120.0, 0.0, -500.0]
[[0.9510565162951535, 0, -0.3090169943749474], [0, 1, 0], [0.30901699437494745, 0, 0.9510565162951535]]
7
[0, 140.0, 0.0, -500.0]
[[0.9723699203976766, 0, -0.23344536385590547], [0, 1, 0], [0.23344536385590545, 0, 0.9723699203976766]]
8
[0, 160.0, 0.0, -500.0]
[[0.9876883405951378, 0, -0.15643446504023087], [0, 1, 0], [0.15643446504023092, 0, 0.9876883405951378]]
9
[0, 180.0, 0.0, -500.0]
[[0.996917333733128, 0, -0.07845909572784494], [0, 1, 0], [0.078459095727845, 0, 0.996917333733128]]
10
[0, 200.0, 0.0, -500.0]
[[1.0, 0, 0.0], [0, 1, 0], [6.123233995736766e-17, 0, 1.0]]
11
[0, 220.00000000000003, 0.0, -500.0]
[[0.996917333733128, 0, 0.07845909572784507], [0, 1, 0], [-0.07845909572784489, 0, 0.996917333733128]]
12
[0, 240.0, 0.0, -500.0]
[[0.9876883405951378, 0, 0.15643446504023087], [0, 1, 0], [-0.15643446504023104, 0, 0.9876883405951377]]
13
[0, 260.0, 0.0, -500.0]
[[0.9723699203976766, 0, 0.2334453638559054], [0, 1, 0], [-0.23344536385590514, 0, 0.9723699203976767]]
14
[0, 280.0, 0.0, -500.0]
[[0.9510565162951536, 0, 0.3090169943749473], [0, 1, 0], [-0.30901699437494734, 0, 0.9510565162951536]]
15
[0, 300.0, 0.0, -500.0]
[[0.9238795325112867, 0, 0.3826834323650898], [0, 1, 0], [-0.3826834323650897, 0, 0.9238795325112867]]
16
[0, 320.0, 0.0, -500.0]
[[0.8910065241883679, 0, 0.45399049973954675], [0, 1, 0], [-0.45399049973954675, 0, 0.8910065241883679]]
17
[0, 340.0, 0.0, -500.0]
[[0.8526401643540923, 0, 0.5224985647159488], [0, 1, 0], [-0.5224985647159488, 0, 0.8526401643540923]]
18
[0, 360.0, 0.0, -500.0]
[[0.8090169943749475, 0, 0.5877852522924731], [0, 1, 0], [-0.587785252292473, 0, 0.8090169943749475]]
19
[0, 380.0, 0.0, -500.0]
[[0.760405965600031, 0, 0.6494480483301837], [0, 1, 0], [-0.6494480483301835, 0, 0.760405965600031]]
20
[0, 400.0, 0.0, -500.0]
[[0.7071067811865476, 0, 0.7071067811865475], [0, 1, 0], [-0.7071067811865475, 0, 0.7071067811865476]]
21
[0, 420.0, 0.0, -500.0]
[[0.6494480483301837, 0, 0.760405965600031], [0, 1, 0], [-0.7604059656000309, 0, 0.6494480483301838]]
22
[0, 440.00000000000006, 0.0, -500.0]
[[0.5877852522924729, 0, 0.8090169943749476], [0, 1, 0], [-0.8090169943749473, 0, 0.5877852522924732]]
23
[0, 459.99999999999994, 0.0, -500.0]
[[0.5224985647159491, 0, 0.8526401643540921], [0, 1, 0], [-0.8526401643540922, 0, 0.5224985647159489]]
24
[0, 480.0, 0.0, -500.0]
[[0.4539904997395468, 0, 0.8910065241883678], [0, 1, 0], [-0.8910065241883678, 0, 0.45399049973954686]]
25
[0, 500.0, 0.0, -500.0]
[[0.38268343236508984, 0, 0.9238795325112867], [0, 1, 0], [-0.9238795325112867, 0, 0.38268343236508984]]
26
[0, 520.0, 0.0, -500.0]
[[0.30901699437494745, 0, 0.9510565162951535], [0, 1, 0], [-0.9510565162951535, 0, 0.3090169943749475]]
27
[0, 540.0, 0.0, -500.0]
[[0.23344536385590525, 0, 0.9723699203976767], [0, 1, 0], [-0.9723699203976766, 0, 0.2334453638559055]]
28
[0, 560.0, 0.0, -500.0]
[[0.15643446504023115, 0, 0.9876883405951377], [0, 1, 0], [-0.9876883405951377, 0, 0.15643446504023098]]
29
[0, 580.0, 0.0, -500.0]
[[0.078459095727845, 0, 0.996917333733128], [0, 1, 0], [-0.996917333733128, 0, 0.07845909572784507]]
30
[0, 600.0, 0.0, -500.0]
[[6.123233995736766e-17, 0, 1.0], [0, 1, 0], [-1.0, 0, 1.2246467991473532e-16]]
31
[0, 620.0, 0.0, -500.0]
[[-0.07845909572784489, 0, 0.996917333733128], [0, 1, 0], [-0.9969173337331281, 0, -0.07845909572784437]]
32
[0, 640.0, 0.0, -500.0]
[[-0.15643446504023104, 0, 0.9876883405951377], [0, 1, 0], [-0.9876883405951378, 0, -0.15643446504023076]]
33
[0, 660.0, 0.0, -500.0]
[[-0.23344536385590514, 0, 0.9723699203976767], [0, 1, 0], [-0.9723699203976767, 0, -0.2334453638559053]]
34
[0, 680.0, 0.0, -500.0]
[[-0.30901699437494734, 0, 0.9510565162951536], [0, 1, 0], [-0.9510565162951534, 0, -0.30901699437494773]]
35
[0, 700.0, 0.0, -500.0]
[[-0.3826834323650897, 0, 0.9238795325112867], [0, 1, 0], [-0.9238795325112867, 0, -0.38268343236508967]]
36
[0, 720.0, 0.0, -500.0]
[[-0.45399049973954675, 0, 0.8910065241883679], [0, 1, 0], [-0.8910065241883681, 0, -0.4539904997395463]]
37
[0, 740.0, 0.0, -500.0]
[[-0.5224985647159488, 0, 0.8526401643540923], [0, 1, 0], [-0.8526401643540923, 0, -0.5224985647159488]]
38
[0, 760.0, 0.0, -500.0]
[[-0.587785252292473, 0, 0.8090169943749475], [0, 1, 0], [-0.8090169943749475, 0, -0.587785252292473]]
39
[0, 780.0, 0.0, -500.0]
[[-0.6494480483301835, 0, 0.760405965600031], [0, 1, 0], [-0.7604059656000307, 0, -0.6494480483301839]]
40
[0, 800.0, 0.0, -500.0]
[[-0.7071067811865475, 0, 0.7071067811865476], [0, 1, 0], [-0.7071067811865477, 0, -0.7071067811865475]]
41
[0, 819.9999999999999, 0.0, -500.0]
[[-0.7604059656000306, 0, 0.6494480483301841], [0, 1, 0], [-0.6494480483301841, 0, -0.7604059656000305]]
42
[0, 840.0, 0.0, -500.0]
[[-0.8090169943749473, 0, 0.5877852522924732], [0, 1, 0], [-0.5877852522924732, 0, -0.8090169943749473]]
43
[0, 860.0, 0.0, -500.0]
[[-0.8526401643540922, 0, 0.5224985647159489], [0, 1, 0], [-0.5224985647159495, 0, -0.8526401643540918]]
44
[0, 880.0000000000001, 0.0, -500.0]
[[-0.891006524188368, 0, 0.45399049973954647], [0, 1, 0], [-0.4539904997395469, 0, -0.8910065241883678]]
45
[0, 900.0, 0.0, -500.0]
[[-0.9238795325112867, 0, 0.38268343236508984], [0, 1, 0], [-0.38268343236509034, 0, -0.9238795325112865]]
46
[0, 919.9999999999999, 0.0, -500.0]
[[-0.9510565162951534, 0, 0.30901699437494795], [0, 1, 0], [-0.30901699437494756, 0, -0.9510565162951535]]
47
[0, 940.0, 0.0, -500.0]
[[-0.9723699203976766, 0, 0.2334453638559055], [0, 1, 0], [-0.23344536385590517, 0, -0.9723699203976767]]
48
[0, 960.0, 0.0, -500.0]
[[-0.9876883405951377, 0, 0.15643446504023098], [0, 1, 0], [-0.15643446504023106, 0, -0.9876883405951377]]
49
[0, 980.0000000000001, 0.0, -500.0]
[[-0.996917333733128, 0, 0.07845909572784462], [0, 1, 0], [-0.07845909572784468, 0, -0.996917333733128]]
50
[0, 1000.0, 0.0, -500.0]
[[-1.0, 0, 1.2246467991473532e-16], [0, 1, 0], [-1.8369701987210297e-16, 0, -1.0]]
51
[0, 1019.9999999999999, 0.0, -500.0]
[[-0.9969173337331281, 0, -0.07845909572784437], [0, 1, 0], [0.07845909572784432, 0, -0.9969173337331281]]
52
[0, 1040.0, 0.0, -500.0]
[[-0.9876883405951378, 0, -0.15643446504023076], [0, 1, 0], [0.15643446504023067, 0, -0.9876883405951378]]
53
[0, 1060.0, 0.0, -500.0]
[[-0.9723699203976767, 0, -0.2334453638559053], [0, 1, 0], [0.23344536385590478, 0, -0.9723699203976768]]
54
[0, 1080.0, 0.0, -500.0]
[[-0.9510565162951534, 0, -0.30901699437494773], [0, 1, 0], [0.30901699437494723, 0, -0.9510565162951536]]
55
[0, 1100.0, 0.0, -500.0]
[[-0.9238795325112867, 0, -0.38268343236508967], [0, 1, 0], [0.38268343236509, 0, -0.9238795325112866]]
56
[0, 1120.0, 0.0, -500.0]
[[-0.8910065241883681, 0, -0.4539904997395463], [0, 1, 0], [0.45399049973954664, 0, -0.891006524188368]]
57
[0, 1140.0, 0.0, -500.0]
[[-0.8526401643540923, 0, -0.5224985647159488], [0, 1, 0], [0.522498564715949, 0, -0.8526401643540922]]
58
[0, 1160.0, 0.0, -500.0]
[[-0.8090169943749475, 0, -0.587785252292473], [0, 1, 0], [0.5877852522924729, 0, -0.8090169943749476]]
59
[0, 1180.0, 0.0, -500.0]
[[-0.7604059656000307, 0, -0.6494480483301839], [0, 1, 0], [0.6494480483301838, 0, -0.7604059656000308]]
60
[0, 1200.0, 0.0, -500.0]
[[-0.7071067811865477, 0, -0.7071067811865475], [0, 1, 0], [0.7071067811865475, 0, -0.7071067811865477]]
61
[0, 1220.0, 0.0, -500.0]
[[-0.6494480483301841, 0, -0.7604059656000305], [0, 1, 0], [0.7604059656000305, 0, -0.6494480483301841]]
62
[0, 1240.0, 0.0, -500.0]
[[-0.5877852522924732, 0, -0.8090169943749473], [0, 1, 0], [0.8090169943749473, 0, -0.5877852522924732]]
63
[0, 1260.0, 0.0, -500.0]
[[-0.5224985647159495, 0, -0.8526401643540918], [0, 1, 0], [0.8526401643540918, 0, -0.5224985647159495]]
64
[0, 1280.0, 0.0, -500.0]
[[-0.4539904997395469, 0, -0.8910065241883678], [0, 1, 0], [0.8910065241883678, 0, -0.45399049973954697]]
65
[0, 1300.0, 0.0, -500.0]
[[-0.38268343236509034, 0, -0.9238795325112865], [0, 1, 0], [0.9238795325112865, 0, -0.3826834323650904]]
66
[0, 1320.0, 0.0, -500.0]
[[-0.30901699437494756, 0, -0.9510565162951535], [0, 1, 0], [0.9510565162951535, 0, -0.3090169943749476]]
67
[0, 1340.0, 0.0, -500.0]
[[-0.23344536385590517, 0, -0.9723699203976767], [0, 1, 0], [0.9723699203976767, 0, -0.23344536385590522]]
68
[0, 1360.0, 0.0, -500.0]
[[-0.15643446504023106, 0, -0.9876883405951377], [0, 1, 0], [0.9876883405951377, 0, -0.15643446504023112]]
69
[0, 1380.0, 0.0, -500.0]
[[-0.07845909572784468, 0, -0.996917333733128], [0, 1, 0], [0.996917333733128, 0, -0.07845909572784475]]
70
[0, 1400.0, 0.0, -500.0]
[[-1.8369701987210297e-16, 0, -1.0], [0, 1, 0], [1.0, 0, -2.4492935982947064e-16]]
71
[0, 1420.0, 0.0, -500.0]
[[0.07845909572784432, 0, -0.9969173337331281], [0, 1, 0], [0.9969173337331281, 0, 0.07845909572784425]]
72
[0, 1440.0, 0.0, -500.0]
[[0.15643446504023067, 0, -0.9876883405951378], [0, 1, 0], [0.9876883405951379, 0, 0.15643446504022973]]
73
[0, 1460.0, 0.0, -500.0]
[[0.23344536385590478, 0, -0.9723699203976768], [0, 1, 0], [0.9723699203976766, 0, 0.23344536385590559]]
74
[0, 1480.0, 0.0, -500.0]
[[0.30901699437494723, 0, -0.9510565162951536], [0, 1, 0], [0.9510565162951536, 0, 0.3090169943749472]]
75
[0, 1500.0, 0.0, -500.0]
[[0.38268343236509, 0, -0.9238795325112866], [0, 1, 0], [0.9238795325112867, 0, 0.38268343236508995]]
76
[0, 1520.0, 0.0, -500.0]
[[0.45399049973954664, 0, -0.891006524188368], [0, 1, 0], [0.891006524188368, 0, 0.4539904997395466]]
77
[0, 1540.0, 0.0, -500.0]
[[0.522498564715949, 0, -0.8526401643540922], [0, 1, 0], [0.8526401643540926, 0, 0.5224985647159482]]
78
[0, 1560.0, 0.0, -500.0]
[[0.5877852522924729, 0, -0.8090169943749476], [0, 1, 0], [0.809016994374947, 0, 0.5877852522924737]]
79
[0, 1580.0, 0.0, -500.0]
[[0.6494480483301838, 0, -0.7604059656000308], [0, 1, 0], [0.7604059656000308, 0, 0.6494480483301838]]
80
[0, 1600.0, 0.0, -500.0]
[[0.7071067811865475, 0, -0.7071067811865477], [0, 1, 0], [0.7071067811865477, 0, 0.7071067811865474]]
81
[0, 1620.0, 0.0, -500.0]
[[0.7604059656000305, 0, -0.6494480483301841], [0, 1, 0], [0.6494480483301842, 0, 0.7604059656000304]]
82
[0, 1639.9999999999998, 0.0, -500.0]
[[0.8090169943749468, 0, -0.587785252292474], [0, 1, 0], [0.5877852522924741, 0, 0.8090169943749468]]
83
[0, 1660.0000000000002, 0.0, -500.0]
[[0.8526401643540928, 0, -0.5224985647159479], [0, 1, 0], [0.5224985647159488, 0, 0.8526401643540923]]
84
[0, 1680.0, 0.0, -500.0]
[[0.8910065241883678, 0, -0.45399049973954697], [0, 1, 0], [0.4539904997395471, 0, 0.8910065241883677]]
85
[0, 1700.0, 0.0, -500.0]
[[0.9238795325112865, 0, -0.3826834323650904], [0, 1, 0], [0.3826834323650905, 0, 0.9238795325112865]]
86
[0, 1720.0, 0.0, -500.0]
[[0.9510565162951535, 0, -0.3090169943749476], [0, 1, 0], [0.30901699437494773, 0, 0.9510565162951534]]
87
[0, 1739.9999999999998, 0.0, -500.0]
[[0.9723699203976762, 0, -0.23344536385590695], [0, 1, 0], [0.23344536385590614, 0, 0.9723699203976764]]
88
[0, 1760.0000000000002, 0.0, -500.0]
[[0.9876883405951379, 0, -0.15643446504023023], [0, 1, 0], [0.15643446504023029, 0, 0.9876883405951378]]
89
[0, 1780.0, 0.0, -500.0]
[[0.996917333733128, 0, -0.07845909572784475], [0, 1, 0], [0.0784590957278448, 0, 0.996917333733128]]
90
[0, 1800.0, 0.0, -500.0]
[[1.0, 0, -2.4492935982947064e-16], [0, 1, 0], [3.061616997868383e-16, 0, 1.0]]
91
[0, 1820.0, 0.0, -500.0]
[[0.9969173337331281, 0, 0.07845909572784425], [0, 1, 0], [-0.0784590957278442, 0, 0.9969173337331281]]
92
[0, 1839.9999999999998, 0.0, -500.0]
[[0.9876883405951379, 0, 0.15643446504022973], [0, 1, 0], [-0.15643446504022968, 0, 0.9876883405951379]]
93
[0, 1860.0000000000002, 0.0, -500.0]
[[0.9723699203976766, 0, 0.23344536385590559], [0, 1, 0], [-0.2334453638559064, 0, 0.9723699203976763]]
94
[0, 1880.0, 0.0, -500.0]
[[0.9510565162951536, 0, 0.3090169943749472], [0, 1, 0], [-0.3090169943749471, 0, 0.9510565162951536]]
95
[0, 1900.0, 0.0, -500.0]
[[0.9238795325112867, 0, 0.38268343236508995], [0, 1, 0], [-0.38268343236508984, 0, 0.9238795325112867]]
96
[0, 1920.0, 0.0, -500.0]
[[0.891006524188368, 0, 0.4539904997395466], [0, 1, 0], [-0.4539904997395457, 0, 0.8910065241883685]]
97
[0, 1939.9999999999998, 0.0, -500.0]
[[0.8526401643540926, 0, 0.5224985647159482], [0, 1, 0], [-0.5224985647159481, 0, 0.8526401643540926]]
98
[0, 1960.0000000000002, 0.0, -500.0]
[[0.809016994374947, 0, 0.5877852522924737], [0, 1, 0], [-0.5877852522924728, 0, 0.8090169943749477]]
99
[0, 1980.0, 0.0, -500.0]
[[0.7604059656000308, 0, 0.6494480483301838], [0, 1, 0], [-0.6494480483301838, 0, 0.7604059656000309]]
100
[0, 2000.0, 0.0, -500.0]
[[0.7071067811865477, 0, 0.7071067811865474], [0, 1, 0], [-0.7071067811865467, 0, 0.7071067811865483]]
101
[0, 2020.0, 0.0, -500.0]
[[0.6494480483301842, 0, 0.7604059656000304], [0, 1, 0], [-0.7604059656000304, 0, 0.6494480483301842]]
102
[0, 2039.9999999999998, 0.0, -500.0]
[[0.5877852522924741, 0, 0.8090169943749468], [0, 1, 0], [-0.8090169943749472, 0, 0.5877852522924734]]
103
[0, 2060.0, 0.0, -500.0]
[[0.5224985647159488, 0, 0.8526401643540923], [0, 1, 0], [-0.8526401643540923, 0, 0.5224985647159488]]
104
[0, 2080.0, 0.0, -500.0]
[[0.4539904997395471, 0, 0.8910065241883677], [0, 1, 0], [-0.8910065241883681, 0, 0.4539904997395463]]
105
[0, 2100.0, 0.0, -500.0]
[[0.3826834323650905, 0, 0.9238795325112865], [0, 1, 0], [-0.9238795325112864, 0, 0.3826834323650905]]
106
[0, 2120.0, 0.0, -500.0]
[[0.30901699437494773, 0, 0.9510565162951534], [0, 1, 0], [-0.9510565162951534, 0, 0.3090169943749478]]
107
[0, 2140.0, 0.0, -500.0]
[[0.23344536385590614, 0, 0.9723699203976764], [0, 1, 0], [-0.9723699203976762, 0, 0.23344536385590706]]
108
[0, 2160.0, 0.0, -500.0]
[[0.15643446504023029, 0, 0.9876883405951378], [0, 1, 0], [-0.9876883405951378, 0, 0.15643446504023034]]
109
[0, 2180.0, 0.0, -500.0]
[[0.0784590957278448, 0, 0.996917333733128], [0, 1, 0], [-0.996917333733128, 0, 0.07845909572784575]]
110
[0, 2200.0, 0.0, -500.0]
[[3.061616997868383e-16, 0, 1.0], [0, 1, 0], [-1.0, 0, 3.6739403974420594e-16]]
111
[0, 2220.0, 0.0, -500.0]
[[-0.0784590957278442, 0, 0.9969173337331281], [0, 1, 0], [-0.996917333733128, 0, -0.07845909572784503]]
112
[0, 2240.0, 0.0, -500.0]
[[-0.15643446504022968, 0, 0.9876883405951379], [0, 1, 0], [-0.9876883405951379, 0, -0.15643446504022962]]
113
[0, 2260.0, 0.0, -500.0]
[[-0.2334453638559064, 0, 0.9723699203976763], [0, 1, 0], [-0.9723699203976763, 0, -0.23344536385590633]]
114
[0, 2280.0, 0.0, -500.0]
[[-0.3090169943749471, 0, 0.9510565162951536], [0, 1, 0], [-0.9510565162951536, 0, -0.30901699437494706]]
115
[0, 2300.0, 0.0, -500.0]
[[-0.38268343236508984, 0, 0.9238795325112867], [0, 1, 0], [-0.9238795325112867, 0, -0.38268343236508984]]
116
[0, 2320.0, 0.0, -500.0]
[[-0.4539904997395457, 0, 0.8910065241883685], [0, 1, 0], [-0.8910065241883685, 0, -0.45399049973954564]]
117
[0, 2340.0, 0.0, -500.0]
[[-0.5224985647159481, 0, 0.8526401643540926], [0, 1, 0], [-0.8526401643540926, 0, -0.5224985647159481]]
118
[0, 2360.0, 0.0, -500.0]
[[-0.5877852522924728, 0, 0.8090169943749477], [0, 1, 0], [-0.8090169943749477, 0, -0.5877852522924728]]
119
[0, 2380.0, 0.0, -500.0]
[[-0.6494480483301838, 0, 0.7604059656000309], [0, 1, 0], [-0.7604059656000309, 0, -0.6494480483301838]]
120
[0, 2400.0, 0.0, -500.0]
[[-0.7071067811865467, 0, 0.7071067811865483], [0, 1, 0], [-0.7071067811865472, 0, -0.7071067811865479]]
Path2
1
[0, 390.0, 0.0, -500.0]
[[0.7343225094356856, 0, 0.6788007455329417], [0, 1, 0], [-0.6788007455329418, 0, 0.7343225094356856]]
2
[0, 380.0, 0.0, -500.0]
[[0.760405965600031, 0, 0.6494480483301837], [0, 1, 0], [-0.6494480483301835, 0, 0.760405965600031]]
3
[0, 370.0, 0.0, -500.0]
[[0.785316930880745, 0, 0.619093949309834], [0, 1, 0], [-0.6190939493098341, 0, 0.7853169308807448]]
4
[0, 360.0, 0.0, -500.0]
[[0.8090169943749475, 0, 0.5877852522924731], [0, 1, 0], [-0.587785252292473, 0, 0.8090169943749475]]
5
[0, 350.0, 0.0, -500.0]
[[0.8314696123025452, 0, 0.5555702330196022], [0, 1, 0], [-0.555570233019602, 0, 0.8314696123025455]]
6
[0, 340.0, 0.0, -500.0]
[[0.8526401643540923, 0, 0.5224985647159488], [0, 1, 0], [-0.5224985647159488, 0, 0.8526401643540923]]
7
[0, 330.0, 0.0, -500.0]
[[0.8724960070727972, 0, 0.48862124149695496], [0, 1, 0], [-0.48862124149695463, 0, 0.8724960070727973]]
8
[0, 320.0, 0.0, -500.0]
[[0.8910065241883679, 0, 0.45399049973954675], [0, 1, 0], [-0.45399049973954675, 0, 0.8910065241883679]]
9
[0, 310.0, 0.0, -500.0]
[[0.9081431738250813, 0, 0.41865973753742813], [0, 1, 0], [-0.4186597375374278, 0, 0.9081431738250814]]
10
[0, 300.0, 0.0, -500.0]
[[0.9238795325112867, 0, 0.3826834323650898], [0, 1, 0], [-0.3826834323650897, 0, 0.9238795325112867]]
11
[0, 290.0, 0.0, -500.0]
[[0.9381913359224842, 0, 0.3461170570774929], [0, 1, 0], [-0.34611705707749313, 0, 0.938191335922484]]
12
[0, 280.0, 0.0, -500.0]
[[0.9510565162951535, 0, 0.3090169943749474], [0, 1, 0], [-0.30901699437494734, 0, 0.9510565162951536]]
13
[0, 270.0, 0.0, -500.0]
[[0.9624552364536473, 0, 0.27144044986507426], [0, 1, 0], [-0.2714404498650742, 0, 0.9624552364536473]]
14
[0, 260.0, 0.0, -500.0]
[[0.9723699203976766, 0, 0.23344536385590547], [0, 1, 0], [-0.23344536385590514, 0, 0.9723699203976767]]
15
[0, 250.0, 0.0, -500.0]
[[0.9807852804032304, 0, 0.19509032201612825], [0, 1, 0], [-0.1950903220161282, 0, 0.9807852804032304]]
16
[0, 240.0, 0.0, -500.0]
[[0.9876883405951378, 0, 0.15643446504023087], [0, 1, 0], [-0.15643446504023104, 0, 0.9876883405951377]]
17
[0, 230.0, 0.0, -500.0]
[[0.9930684569549263, 0, 0.11753739745783764], [0, 1, 0], [-0.11753739745783759, 0, 0.9930684569549263]]
18
[0, 220.0, 0.0, -500.0]
[[0.996917333733128, 0, 0.07845909572784494], [0, 1, 0], [-0.07845909572784489, 0, 0.996917333733128]]
19
[0, 210.0, 0.0, -500.0]
[[0.9992290362407229, 0, 0.03925981575906861], [0, 1, 0], [-0.039259815759068326, 0, 0.9992290362407229]]
20
[0, 200.0, 0.0, -500.0]
[[1.0, 0, 0.0], [0, 1, 0], [6.123233995736766e-17, 0, 1.0]]
21
[0, 190.0, 0.0, -500.0]
[[0.9992290362407229, 0, -0.03925981575906861], [0, 1, 0], [0.03925981575906867, 0, 0.9992290362407229]]
22
[0, 179.99999999999997, 0.0, -500.0]
[[0.996917333733128, 0, -0.07845909572784507], [0, 1, 0], [0.078459095727845, 0, 0.996917333733128]]
23
[0, 170.00000000000003, 0.0, -500.0]
[[0.9930684569549263, 0, -0.11753739745783753], [0, 1, 0], [0.1175373974578377, 0, 0.9930684569549263]]
24
[0, 160.0, 0.0, -500.0]
[[0.9876883405951378, 0, -0.15643446504023087], [0, 1, 0], [0.15643446504023092, 0, 0.9876883405951378]]
25
[0, 150.0, 0.0, -500.0]
[[0.9807852804032304, 0, -0.19509032201612825], [0, 1, 0], [0.1950903220161283, 0, 0.9807852804032304]]
26
[0, 140.0, 0.0, -500.0]
[[0.9723699203976766, 0, -0.2334453638559054], [0, 1, 0], [0.23344536385590545, 0, 0.9723699203976766]]
27
[0, 130.0, 0.0, -500.0]
[[0.9624552364536473, 0, -0.2714404498650744], [0, 1, 0], [0.2714404498650743, 0, 0.9624552364536473]]
28
[0, 120.0, 0.0, -500.0]
[[0.9510565162951536, 0, -0.3090169943749473], [0, 1, 0], [0.30901699437494745, 0, 0.9510565162951535]]
29
[0, 110.0, 0.0, -500.0]
[[0.9381913359224842, 0, -0.34611705707749296], [0, 1, 0], [0.346117057077493, 0, 0.9381913359224842]]
30
[0, 100.0, 0.0, -500.0]
[[0.9238795325112867, 0, -0.3826834323650898], [0, 1, 0], [0.38268343236508984, 0, 0.9238795325112867]]
31
[0, 90.0, 0.0, -500.0]
[[0.9081431738250813, 0, -0.41865973753742813], [0, 1, 0], [0.41865973753742813, 0, 0.9081431738250813]]
32
[0, 80.0, 0.0, -500.0]
[[0.8910065241883679, 0, -0.45399049973954675], [0, 1, 0], [0.4539904997395468, 0, 0.8910065241883678]]
33
[0, 70.0, 0.0, -500.0]
[[0.8724960070727972, 0, -0.48862124149695496], [0, 1, 0], [0.488621241496955, 0, 0.8724960070727971]]
34
[0, 60.0, 0.0, -500.0]
[[0.8526401643540923, 0, -0.5224985647159488], [0, 1, 0], [0.5224985647159489, 0, 0.8526401643540922]]
35
[0, 50.0, 0.0, -500.0]
[[0.8314696123025452, 0, -0.5555702330196022], [0, 1, 0], [0.5555702330196023, 0, 0.8314696123025451]]
36
[0, 40.0, 0.0, -500.0]
[[0.8090169943749475, 0, -0.5877852522924731], [0, 1, 0], [0.5877852522924732, 0, 0.8090169943749473]]
37
[0, 30.0, 0.0, -500.0]
[[0.785316930880745, 0, -0.619093949309834], [0, 1, 0], [0.6190939493098342, 0, 0.7853169308807448]]
38
[0, 20.0, 0.0, -500.0]
[[0.760405965600031, 0, -0.6494480483301837], [0, 1, 0], [0.6494480483301837, 0, 0.760405965600031]]
39
[0, 10.0, 0.0, -500.0]
[[0.7343225094356856, 0, -0.6788007455329417], [0, 1, 0], [0.6788007455329418, 0, 0.7343225094356856]]
40
[0, 0.0, 0.0, -500.0]
[[0.7071067811865476, 0, -0.7071067811865475], [0, 1, 0], [0.7071067811865476, 0, 0.7071067811865475]]
41
[0, -9.999999999999943, 0.0, -500.0]
[[0.678800745532942, 0, -0.7343225094356853], [0, 1, 0], [0.7343225094356853, 0, 0.6788007455329419]]
42
[0, -20.0, 0.0, -500.0]
[[0.6494480483301837, 0, -0.760405965600031], [0, 1, 0], [0.760405965600031, 0, 0.6494480483301837]]
43
[0, -30.0, 0.0, -500.0]
[[0.6190939493098342, 0, -0.7853169308807448], [0, 1, 0], [0.785316930880745, 0, 0.619093949309834]]
44
[0, -40.00000000000006, 0.0, -500.0]
[[0.5877852522924729, 0, -0.8090169943749476], [0, 1, 0], [0.8090169943749476, 0, 0.5877852522924729]]
45
[0, -50.0, 0.0, -500.0]
[[0.5555702330196023, 0, -0.8314696123025451], [0, 1, 0], [0.8314696123025452, 0, 0.5555702330196022]]
46
[0, -59.99999999999994, 0.0, -500.0]
[[0.5224985647159491, 0, -0.8526401643540921], [0, 1, 0], [0.8526401643540922, 0, 0.522498564715949]]
47
[0, -70.0, 0.0, -500.0]
[[0.488621241496955, 0, -0.8724960070727971], [0, 1, 0], [0.8724960070727972, 0, 0.48862124149695496]]
48
[0, -80.0, 0.0, -500.0]
[[0.4539904997395468, 0, -0.8910065241883678], [0, 1, 0], [0.8910065241883679, 0, 0.45399049973954675]]
49
[0, -90.00000000000006, 0.0, -500.0]
[[0.4186597375374279, 0, -0.9081431738250814], [0, 1, 0], [0.9081431738250814, 0, 0.41865973753742786]]
50
[0, -100.0, 0.0, -500.0]
[[0.38268343236508984, 0, -0.9238795325112867], [0, 1, 0], [0.9238795325112867, 0, 0.3826834323650898]]
51
[0, -109.99999999999994, 0.0, -500.0]
[[0.34611705707749324, 0, -0.938191335922484], [0, 1, 0], [0.938191335922484, 0, 0.3461170570774932]]
52
[0, -120.0, 0.0, -500.0]
[[0.30901699437494745, 0, -0.9510565162951535], [0, 1, 0], [0.9510565162951535, 0, 0.3090169943749474]]
53
[0, -130.0, 0.0, -500.0]
[[0.2714404498650743, 0, -0.9624552364536473], [0, 1, 0], [0.9624552364536473, 0, 0.27144044986507426]]
54
[0, -140.0, 0.0, -500.0]
[[0.23344536385590525, 0, -0.9723699203976767], [0, 1, 0], [0.9723699203976767, 0, 0.2334453638559052]]
55
[0, -150.0, 0.0, -500.0]
[[0.1950903220161283, 0, -0.9807852804032304], [0, 1, 0], [0.9807852804032304, 0, 0.19509032201612825]]
56
[0, -160.0, 0.0, -500.0]
[[0.15643446504023115, 0, -0.9876883405951377], [0, 1, 0], [0.9876883405951377, 0, 0.15643446504023112]]
57
[0, -170.0, 0.0, -500.0]
[[0.1175373974578377, 0, -0.9930684569549263], [0, 1, 0], [0.9930684569549263, 0, 0.11753739745783764]]
58
[0, -180.0, 0.0, -500.0]
[[0.078459095727845, 0, -0.996917333733128], [0, 1, 0], [0.996917333733128, 0, 0.07845909572784494]]
59
[0, -190.0, 0.0, -500.0]
[[0.03925981575906867, 0, -0.9992290362407229], [0, 1, 0], [0.9992290362407229, 0, 0.03925981575906861]]
60
[0, -200.0, 0.0, -500.0]
[[6.123233995736766e-17, 0, -1.0], [0, 1, 0], [1.0, 0, 0.0]]
Path3
1
[0, 200.0, 1.5, -500.0]
[[1, 0, 0], [0, 0.9992290362407229, -0.03925981575906861], [0, 0.03925981575906867, 0.9992290362407229]]
2
[0, 200.0, 3.0, -500.0]
[[1, 0, 0], [0, 0.996917333733128, -0.07845909572784494], [0, 0.078459095727845, 0.996917333733128]]
3
[0, 200.0, 4.5, -500.0]
[[1, 0, 0], [0, 0.9930684569549263, -0.11753739745783764], [0, 0.1175373974578377, 0.9930684569549263]]
4
[0, 200.0, 6.0, -500.0]
[[1, 0, 0], [0, 0.9876883405951378, -0.15643446504023087], [0, 0.15643446504023092, 0.9876883405951378]]
5
[0, 200.0, 7.5, -500.0]
[[1, 0, 0], [0, 0.9807852804032304, -0.19509032201612825], [0, 0.1950903220161283, 0.9807852804032304]]
6
[0, 200.0, 9.0, -500.0]
[[1, 0, 0], [0, 0.9723699203976766, -0.2334453638559054], [0, 0.23344536385590545, 0.9723699203976766]]
7
[0, 200.0, 10.5, -500.0]
[[1, 0, 0], [0, 0.9624552364536473, -0.27144044986507426], [0, 0.2714404498650743, 0.9624552364536473]]
8
[0, 200.0, 12.0, -500.0]
[[1, 0, 0], [0, 0.9510565162951535, -0.3090169943749474], [0, 0.30901699437494745, 0.9510565162951535]]
9
[0, 200.0, 13.5, -500.0]
[[1, 0, 0], [0, 0.9381913359224842, -0.34611705707749296], [0, 0.346117057077493, 0.9381913359224842]]
10
[0, 200.0, 15.0, -500.0]
[[1, 0, 0], [0, 0.9238795325112867, -0.3826834323650898], [0, 0.38268343236508984, 0.9238795325112867]]
11
[0, 200.0, 16.5, -500.0]
[[1, 0, 0], [0, 0.9081431738250813, -0.41865973753742813], [0, 0.41865973753742813, 0.9081431738250813]]
12
[0, 200.0, 18.0, -500.0]
[[1, 0, 0], [0, 0.8910065241883679, -0.45399049973954675], [0, 0.4539904997395468, 0.8910065241883678]]
13
[0, 200.0, 19.5, -500.0]
[[1, 0, 0], [0, 0.8724960070727972, -0.48862124149695496], [0, 0.488621241496955, 0.8724960070727971]]
14
[0, 200.0, 21.0, -500.0]
[[1, 0, 0], [0, 0.8526401643540923, -0.5224985647159488], [0, 0.5224985647159489, 0.8526401643540922]]
15
[0, 200.0, 22.5, -500.0]
[[1, 0, 0], [0, 0.8314696123025452, -0.5555702330196022], [0, 0.5555702330196023, 0.8314696123025451]]
16
[0, 200.0, 24.0, -500.0]
[[1, 0, 0], [0, 0.8090169943749475, -0.5877852522924731], [0, 0.5877852522924732, 0.8090169943749473]]
17
[0, 200.0, 25.5, -500.0]
[[1, 0, 0], [0, 0.785316930880745, -0.619093949309834], [0, 0.6190939493098342, 0.7853169308807448]]
18
[0, 200.0, 27.0, -500.0]
[[1, 0, 0], [0, 0.760405965600031, -0.6494480483301837], [0, 0.6494480483301837, 0.760405965600031]]
19
[0, 200.0, 28.5, -500.0]
[[1, 0, 0], [0, 0.7343225094356856, -0.6788007455329417], [0, 0.6788007455329418, 0.7343225094356856]]
20
[0, 200.0, 30.0, -500.0]
[[1, 0, 0], [0, 0.7071067811865476, -0.7071067811865475], [0, 0.7071067811865476, 0.7071067811865475]]
21
[0, 200.0, 31.5, -500.0]
[[1, 0, 0], [0, 0.6788007455329418, -0.7343225094356856], [0, 0.7343225094356856, 0.6788007455329417]]
22
[0, 200.0, 33.0, -500.0]
[[1, 0, 0], [0, 0.6494480483301837, -0.760405965600031], [0, 0.760405965600031, 0.6494480483301835]]
23
[0, 200.0, 34.5, -500.0]
[[1, 0, 0], [0, 0.6190939493098342, -0.7853169308807448], [0, 0.7853169308807448, 0.6190939493098341]]
24
[0, 200.0, 36.0, -500.0]
[[1, 0, 0], [0, 0.5877852522924732, -0.8090169943749473], [0, 0.8090169943749475, 0.5877852522924731]]
25
[0, 200.0, 37.5, -500.0]
[[1, 0, 0], [0, 0.5555702330196023, -0.8314696123025451], [0, 0.8314696123025452, 0.5555702330196022]]
26
[0, 200.0, 39.0, -500.0]
[[1, 0, 0], [0, 0.5224985647159489, -0.8526401643540922], [0, 0.8526401643540923, 0.5224985647159488]]
27
[0, 200.0, 40.5, -500.0]
[[1, 0, 0], [0, 0.488621241496955, -0.8724960070727971], [0, 0.8724960070727972, 0.48862124149695485]]
28
[0, 200.0, 42.0, -500.0]
[[1, 0, 0], [0, 0.4539904997395468, -0.8910065241883678], [0, 0.8910065241883678, 0.4539904997395469]]
29
[0, 200.0, 43.5, -500.0]
[[1, 0, 0], [0, 0.41865973753742813, -0.9081431738250813], [0, 0.9081431738250813, 0.41865973753742813]]
30
[0, 200.0, 45.0, -500.0]
[[1, 0, 0], [0, 0.38268343236508984, -0.9238795325112867], [0, 0.9238795325112867, 0.3826834323650898]]
31
[0, 200.0, 46.5, -500.0]
[[1, 0, 0], [0, 0.346117057077493, -0.9381913359224842], [0, 0.9381913359224842, 0.34611705707749296]]
32
[0, 200.0, 48.0, -500.0]
[[1, 0, 0], [0, 0.30901699437494745, -0.9510565162951535], [0, 0.9510565162951535, 0.3090169943749474]]
33
[0, 200.0, 49.5, -500.0]
[[1, 0, 0], [0, 0.2714404498650743, -0.9624552364536473], [0, 0.9624552364536473, 0.27144044986507426]]
34
[0, 200.0, 51.0, -500.0]
[[1, 0, 0], [0, 0.23344536385590545, -0.9723699203976766], [0, 0.9723699203976766, 0.2334453638559054]]
35
[0, 200.0, 52.5, -500.0]
[[1, 0, 0], [0, 0.1950903220161283, -0.9807852804032304], [0, 0.9807852804032304, 0.19509032201612825]]
36
[0, 200.0, 54.0, -500.0]
[[1, 0, 0], [0, 0.15643446504023092, -0.9876883405951378], [0, 0.9876883405951378, 0.15643446504023087]]
37
[0, 200.0, 55.5, -500.0]
[[1, 0, 0], [0, 0.1175373974578377, -0.9930684569549263], [0, 0.9930684569549263, 0.11753739745783764]]
38
[0, 200.0, 57.0, -500.0]
[[1, 0, 0], [0, 0.078459095727845, -0.996917333733128], [0, 0.996917333733128, 0.07845909572784494]]
39
[0, 200.0, 58.5, -500.0]
[[1, 0, 0], [0, 0.03925981575906867, -0.9992290362407229], [0, 0.9992290362407229, 0.03925981575906861]]
40
[0, 200.0, 60.0, -500.0]
[[1, 0, 0], [0, 6.123233995736766e-17, -1.0], [0, 1.0, 0.0]]
41
[0, 200.0, 61.49999999999999, -500.0]
[[1, 0, 0], [0, -0.039259815759068326, -0.9992290362407229], [0, 0.9992290362407229, -0.03925981575906836]]
42
[0, 200.0, 63.0, -500.0]
[[1, 0, 0], [0, -0.07845909572784489, -0.996917333733128], [0, 0.996917333733128, -0.07845909572784494]]
43
[0, 200.0, 64.5, -500.0]
[[1, 0, 0], [0, -0.11753739745783759, -0.9930684569549263], [0, 0.9930684569549263, -0.11753739745783764]]
44
[0, 200.0, 66.0, -500.0]
[[1, 0, 0], [0, -0.15643446504023104, -0.9876883405951377], [0, 0.9876883405951377, -0.15643446504023112]]
45
[0, 200.0, 67.5, -500.0]
[[1, 0, 0], [0, -0.1950903220161282, -0.9807852804032304], [0, 0.9807852804032304, -0.19509032201612825]]
46
[0, 200.0, 69.0, -500.0]
[[1, 0, 0], [0, -0.23344536385590514, -0.9723699203976767], [0, 0.9723699203976767, -0.2334453638559052]]
47
[0, 200.0, 70.5, -500.0]
[[1, 0, 0], [0, -0.2714404498650742, -0.9624552364536473], [0, 0.9624552364536473, -0.27144044986507426]]
48
[0, 200.0, 72.0, -500.0]
[[1, 0, 0], [0, -0.30901699437494734, -0.9510565162951536], [0, 0.9510565162951535, -0.3090169943749474]]
49
[0, 200.0, 73.5, -500.0]
[[1, 0, 0], [0, -0.34611705707749313, -0.938191335922484], [0, 0.938191335922484, -0.3461170570774932]]
50
[0, 200.0, 75.0, -500.0]
[[1, 0, 0], [0, -0.3826834323650897, -0.9238795325112867], [0, 0.9238795325112867, -0.3826834323650898]]
51
[0, 200.0, 76.5, -500.0]
[[1, 0, 0], [0, -0.4186597375374278, -0.9081431738250814], [0, 0.9081431738250814, -0.41865973753742786]]
52
[0, 200.0, 78.0, -500.0]
[[1, 0, 0], [0, -0.45399049973954675, -0.8910065241883679], [0, 0.8910065241883679, -0.45399049973954675]]
53
[0, 200.0, 79.5, -500.0]
[[1, 0, 0], [0, -0.48862124149695463, -0.8724960070727973], [0, 0.8724960070727972, -0.48862124149695496]]
54
[0, 200.0, 81.0, -500.0]
[[1, 0, 0], [0, -0.5224985647159488, -0.8526401643540923], [0, 0.8526401643540922, -0.522498564715949]]
55
[0, 200.0, 82.5, -500.0]
[[1, 0, 0], [0, -0.555570233019602, -0.8314696123025455], [0, 0.8314696123025452, -0.5555702330196022]]
56
[0, 200.0, 84.0, -500.0]
[[1, 0, 0], [0, -0.587785252292473, -0.8090169943749475], [0, 0.8090169943749476, -0.5877852522924729]]
57
[0, 200.0, 85.5, -500.0]
[[1, 0, 0], [0, -0.6190939493098341, -0.7853169308807448], [0, 0.785316930880745, -0.619093949309834]]
58
[0, 200.0, 87.0, -500.0]
[[1, 0, 0], [0, -0.6494480483301835, -0.760405965600031], [0, 0.760405965600031, -0.6494480483301837]]
59
[0, 200.0, 88.5, -500.0]
[[1, 0, 0], [0, -0.6788007455329418, -0.7343225094356856], [0, 0.7343225094356856, -0.6788007455329417]]
60
[0, 200.0, 90.0, -500.0]
[[1, 0, 0], [0, -0.7071067811865475, -0.7071067811865476], [0, 0.7071067811865476, -0.7071067811865475]]
Path4
1
[0, 200.0, 28.5, -500.0]
[[1, 0, 0], [0, 0.7343225094356856, -0.6788007455329417], [0, 0.6788007455329418, 0.7343225094356856]]
2
[0, 200.0, 27.0, -500.0]
[[1, 0, 0], [0, 0.760405965600031, -0.6494480483301837], [0, 0.6494480483301837, 0.760405965600031]]
3
[0, 200.0, 25.5, -500.0]
[[1, 0, 0], [0, 0.785316930880745, -0.619093949309834], [0, 0.6190939493098342, 0.7853169308807448]]
4
[0, 200.0, 24.0, -500.0]
[[1, 0, 0], [0, 0.8090169943749475, -0.5877852522924731], [0, 0.5877852522924732, 0.8090169943749473]]
5
[0, 200.0, 22.5, -500.0]
[[1, 0, 0], [0, 0.8314696123025452, -0.5555702330196022], [0, 0.5555702330196023, 0.8314696123025451]]
6
[0, 200.0, 21.0, -500.0]
[[1, 0, 0], [0, 0.8526401643540923, -0.5224985647159488], [0, 0.5224985647159489, 0.8526401643540922]]
7
[0, 200.0, 19.5, -500.0]
[[1, 0, 0], [0, 0.8724960070727972, -0.48862124149695496], [0, 0.488621241496955, 0.8724960070727971]]
8
[0, 200.0, 18.0, -500.0]
[[1, 0, 0], [0, 0.8910065241883679, -0.45399049973954675], [0, 0.4539904997395468, 0.8910065241883678]]
9
[0, 200.0, 16.5, -500.0]
[[1, 0, 0], [0, 0.9081431738250813, -0.41865973753742813], [0, 0.41865973753742813, 0.9081431738250813]]
10
[0, 200.0, 15.0, -500.0]
[[1, 0, 0], [0, 0.9238795325112867, -0.3826834323650898], [0, 0.38268343236508984, 0.9238795325112867]]
11
[0, 200.0, 13.5, -500.0]
[[1, 0, 0], [0, 0.9381913359224842, -0.3461170570774929], [0, 0.346117057077493, 0.9381913359224842]]
12
[0, 200.0, 12.0, -500.0]
[[1, 0, 0], [0, 0.9510565162951535, -0.3090169943749474], [0, 0.30901699437494745, 0.9510565162951535]]
13
[0, 200.0, 10.5, -500.0]
[[1, 0, 0], [0, 0.9624552364536473, -0.27144044986507426], [0, 0.2714404498650743, 0.9624552364536473]]
14
[0, 200.0, 9.0, -500.0]
[[1, 0, 0], [0, 0.9723699203976766, -0.23344536385590547], [0, 0.23344536385590545, 0.9723699203976766]]
15
[0, 200.0, 7.5, -500.0]
[[1, 0, 0], [0, 0.9807852804032304, -0.19509032201612825], [0, 0.1950903220161283, 0.9807852804032304]]
16
[0, 200.0, 6.0, -500.0]
[[1, 0, 0], [0, 0.9876883405951378, -0.15643446504023087], [0, 0.15643446504023092, 0.9876883405951378]]
17
[0, 200.0, 4.5, -500.0]
[[1, 0, 0], [0, 0.9930684569549263, -0.11753739745783764], [0, 0.1175373974578377, 0.9930684569549263]]
18
[0, 200.0, 3.0, -500.0]
[[1, 0, 0], [0, 0.996917333733128, -0.07845909572784494], [0, 0.078459095727845, 0.996917333733128]]
19
[0, 200.0, 1.5, -500.0]
[[1, 0, 0], [0, 0.9992290362407229, -0.03925981575906861], [0, 0.03925981575906867, 0.9992290362407229]]
20
[0, 200.0, 0.0, -500.0]
[[1, 0, 0], [0, 1.0, 0.0], [0, 6.123233995736766e-17, 1.0]]
21
[0, 200.0, -1.5, -500.0]
[[1, 0, 0], [0, 0.9992290362407229, 0.03925981575906861], [0, -0.039259815759068326, 0.9992290362407229]]
22
[0, 200.0, -3.0, -500.0]
[[1, 0, 0], [0, 0.996917333733128, 0.07845909572784507], [0, -0.07845909572784489, 0.996917333733128]]
23
[0, 200.0, -4.5, -500.0]
[[1, 0, 0], [0, 0.9930684569549263, 0.11753739745783753], [0, -0.11753739745783759, 0.9930684569549263]]
24
[0, 200.0, -6.0, -500.0]
[[1, 0, 0], [0, 0.9876883405951378, 0.15643446504023087], [0, -0.15643446504023104, 0.9876883405951377]]
25
[0, 200.0, -7.5, -500.0]
[[1, 0, 0], [0, 0.9807852804032304, 0.19509032201612825], [0, -0.1950903220161282, 0.9807852804032304]]
26
[0, 200.0, -9.0, -500.0]
[[1, 0, 0], [0, 0.9723699203976766, 0.2334453638559054], [0, -0.23344536385590514, 0.9723699203976767]]
27
[0, 200.0, -10.5, -500.0]
[[1, 0, 0], [0, 0.9624552364536473, 0.2714404498650744], [0, -0.2714404498650742, 0.9624552364536473]]
28
[0, 200.0, -12.0, -500.0]
[[1, 0, 0], [0, 0.9510565162951536, 0.3090169943749473], [0, -0.30901699437494734, 0.9510565162951536]]
29
[0, 200.0, -13.5, -500.0]
[[1, 0, 0], [0, 0.9381913359224842, 0.34611705707749296], [0, -0.34611705707749313, 0.938191335922484]]
30
[0, 200.0, -15.0, -500.0]
[[1, 0, 0], [0, 0.9238795325112867, 0.3826834323650898], [0, -0.3826834323650897, 0.9238795325112867]]
31
[0, 200.0, -16.5, -500.0]
[[1, 0, 0], [0, 0.9081431738250813, 0.41865973753742813], [0, -0.4186597375374278, 0.9081431738250814]]
32
[0, 200.0, -18.0, -500.0]
[[1, 0, 0], [0, 0.8910065241883679, 0.45399049973954675], [0, -0.45399049973954675, 0.8910065241883679]]
33
[0, 200.0, -19.5, -500.0]
[[1, 0, 0], [0, 0.8724960070727972, 0.48862124149695496], [0, -0.48862124149695463, 0.8724960070727973]]
34
[0, 200.0, -21.0, -500.0]
[[1, 0, 0], [0, 0.8526401643540923, 0.5224985647159488], [0, -0.5224985647159488, 0.8526401643540923]]
35
[0, 200.0, -22.5, -500.0]
[[1, 0, 0], [0, 0.8314696123025452, 0.5555702330196022], [0, -0.555570233019602, 0.8314696123025455]]
36
[0, 200.0, -24.0, -500.0]
[[1, 0, 0], [0, 0.8090169943749475, 0.5877852522924731], [0, -0.587785252292473, 0.8090169943749475]]
37
[0, 200.0, -25.5, -500.0]
[[1, 0, 0], [0, 0.785316930880745, 0.619093949309834], [0, -0.6190939493098341, 0.7853169308807448]]
38
[0, 200.0, -27.0, -500.0]
[[1, 0, 0], [0, 0.760405965600031, 0.6494480483301837], [0, -0.6494480483301835, 0.760405965600031]]
39
[0, 200.0, -28.5, -500.0]
[[1, 0, 0], [0, 0.7343225094356856, 0.6788007455329417], [0, -0.6788007455329418, 0.7343225094356856]]
40
[0, 200.0, -30.0, -500.0]
[[1, 0, 0], [0, 0.7071067811865476, 0.7071067811865475], [0, -0.7071067811865475, 0.7071067811865476]]
41
[0, 200.0, -31.499999999999993, -500.0]
[[1, 0, 0], [0, 0.678800745532942, 0.7343225094356853], [0, -0.7343225094356853, 0.678800745532942]]
42
[0, 200.0, -33.0, -500.0]
[[1, 0, 0], [0, 0.6494480483301837, 0.760405965600031], [0, -0.7604059656000309, 0.6494480483301838]]
43
[0, 200.0, -34.5, -500.0]
[[1, 0, 0], [0, 0.6190939493098342, 0.7853169308807448], [0, -0.7853169308807447, 0.6190939493098342]]
44
[0, 200.0, -36.0, -500.0]
[[1, 0, 0], [0, 0.5877852522924729, 0.8090169943749476], [0, -0.8090169943749473, 0.5877852522924732]]
45
[0, 200.0, -37.5, -500.0]
[[1, 0, 0], [0, 0.5555702330196023, 0.8314696123025451], [0, -0.8314696123025453, 0.5555702330196022]]
46
[0, 200.0, -39.0, -500.0]
[[1, 0, 0], [0, 0.5224985647159491, 0.8526401643540921], [0, -0.8526401643540922, 0.5224985647159489]]
47
[0, 200.0, -40.5, -500.0]
[[1, 0, 0], [0, 0.488621241496955, 0.8724960070727971], [0, -0.8724960070727972, 0.48862124149695485]]
48
[0, 200.0, -42.0, -500.0]
[[1, 0, 0], [0, 0.4539904997395468, 0.8910065241883678], [0, -0.8910065241883678, 0.45399049973954686]]
49
[0, 200.0, -43.5, -500.0]
[[1, 0, 0], [0, 0.4186597375374279, 0.9081431738250814], [0, -0.9081431738250814, 0.41865973753742797]]
50
[0, 200.0, -45.0, -500.0]
[[1, 0, 0], [0, 0.38268343236508984, 0.9238795325112867], [0, -0.9238795325112867, 0.38268343236508984]]
51
[0, 200.0, -46.5, -500.0]
[[1, 0, 0], [0, 0.34611705707749324, 0.938191335922484], [0, -0.938191335922484, 0.3461170570774933]]
52
[0, 200.0, -48.0, -500.0]
[[1, 0, 0], [0, 0.30901699437494745, 0.9510565162951535], [0, -0.9510565162951535, 0.3090169943749475]]
53
[0, 200.0, -49.5, -500.0]
[[1, 0, 0], [0, 0.2714404498650743, 0.9624552364536473], [0, -0.9624552364536472, 0.27144044986507454]]
54
[0, 200.0, -51.0, -500.0]
[[1, 0, 0], [0, 0.23344536385590525, 0.9723699203976767], [0, -0.9723699203976766, 0.2334453638559055]]
55
[0, 200.0, -52.5, -500.0]
[[1, 0, 0], [0, 0.1950903220161283, 0.9807852804032304], [0, -0.9807852804032304, 0.19509032201612858]]
56
[0, 200.0, -54.0, -500.0]
[[1, 0, 0], [0, 0.15643446504023115, 0.9876883405951377], [0, -0.9876883405951377, 0.15643446504023098]]
57
[0, 200.0, -55.5, -500.0]
[[1, 0, 0], [0, 0.1175373974578377, 0.9930684569549263], [0, -0.9930684569549263, 0.11753739745783755]]
58
[0, 200.0, -57.0, -500.0]
[[1, 0, 0], [0, 0.078459095727845, 0.996917333733128], [0, -0.996917333733128, 0.07845909572784507]]
59
[0, 200.0, -58.5, -500.0]
[[1, 0, 0], [0, 0.03925981575906867, 0.9992290362407229], [0, -0.9992290362407229, 0.03925981575906851]]
60
[0, 200.0, -60.0, -500.0]
[[1, 0, 0], [0, 6.123233995736766e-17, 1.0], [0, -1.0, 1.2246467991473532e-16]]
Path5
1
[0, 200.0, 1.5, -485.0]
[[1, 0, 0], [0, 1, 0], [0, 0, 1]]
2
[0, 200.0, 3.0, -470.0]
[[1, 0, 0], [0, 1, 0], [0, 0, 1]]
3
[0, 200.0, 4.5, -455.0]
[[1, 0, 0], [0, 1, 0], [0, 0, 1]]
4
[0, 200.0, 6.0, -440.0]
[[1, 0, 0], [0, 1, 0], [0, 0, 1]]
5
[0, 200.0, 7.5, -425.0]
[[1, 0, 0], [0, 1, 0], [0, 0, 1]]
6
[0, 200.0, 9.0, -410.0]
[[1, 0, 0], [0, 1, 0], [0, 0, 1]]
7
[0, 200.0, 10.5, -395.0]
[[1, 0, 0], [0, 1, 0], [0, 0, 1]]
8
[0, 200.0, 12.0, -380.0]
[[1, 0, 0], [0, 1, 0], [0, 0, 1]]
9
[0, 200.0, 13.5, -365.0]
